_date_	FAG1	FAG2	FAG3	FAG4	FAG5
1995-01-01	NaN	NaN	NaN	NaN	NaN
1995-02-01	NaN	NaN	NaN	NaN	NaN
1995-03-01	NaN	NaN	NaN	NaN	NaN
1995-04-01	NaN	NaN	NaN	NaN	NaN
1995-05-01	NaN	NaN	NaN	NaN	NaN
1995-06-01	NaN	NaN	NaN	NaN	NaN
1995-07-01	NaN	NaN	NaN	NaN	NaN
1995-08-01	NaN	NaN	NaN	NaN	NaN
1995-09-01	NaN	NaN	NaN	NaN	NaN
1995-10-01	NaN	NaN	NaN	NaN	NaN
1995-11-01	NaN	NaN	NaN	NaN	NaN
1995-12-01	NaN	NaN	NaN	NaN	NaN
1996-01-01	NaN	NaN	NaN	NaN	NaN
1996-02-01	NaN	NaN	NaN	NaN	NaN
1996-03-01	NaN	NaN	NaN	NaN	NaN
1996-04-01	NaN	NaN	NaN	NaN	NaN
1996-05-01	NaN	NaN	NaN	NaN	NaN
1996-06-01	NaN	NaN	NaN	NaN	NaN
1996-07-01	NaN	NaN	NaN	NaN	NaN
1996-08-01	NaN	NaN	NaN	NaN	NaN
1996-09-01	NaN	NaN	NaN	NaN	NaN
1996-10-01	NaN	NaN	NaN	NaN	NaN
1996-11-01	NaN	NaN	NaN	NaN	NaN
1996-12-01	NaN	NaN	NaN	NaN	NaN
1997-01-01	NaN	NaN	NaN	NaN	NaN
1997-02-01	NaN	NaN	NaN	NaN	NaN
1997-03-01	NaN	NaN	NaN	NaN	NaN
1997-04-01	NaN	NaN	NaN	NaN	NaN
1997-05-01	NaN	NaN	NaN	NaN	NaN
1997-06-01	NaN	NaN	NaN	NaN	NaN
1997-07-01	NaN	NaN	NaN	NaN	NaN
1997-08-01	NaN	NaN	NaN	NaN	NaN
1997-09-01	NaN	NaN	NaN	NaN	NaN
1997-10-01	NaN	NaN	NaN	NaN	NaN
1997-11-01	NaN	NaN	NaN	NaN	NaN
1997-12-01	NaN	NaN	NaN	NaN	NaN
1998-01-01	NaN	NaN	NaN	NaN	NaN
1998-02-01	NaN	NaN	NaN	NaN	NaN
1998-03-01	NaN	NaN	NaN	NaN	NaN
1998-04-01	NaN	NaN	NaN	NaN	NaN
1998-05-01	NaN	NaN	NaN	NaN	NaN
1998-06-01	NaN	NaN	NaN	NaN	NaN
1998-07-01	NaN	NaN	NaN	NaN	NaN
1998-08-01	NaN	NaN	NaN	NaN	NaN
1998-09-01	NaN	NaN	NaN	NaN	NaN
1998-10-01	NaN	NaN	NaN	NaN	NaN
1998-11-01	NaN	NaN	NaN	NaN	NaN
1998-12-01	NaN	NaN	NaN	NaN	NaN
1999-01-01	NaN	NaN	NaN	NaN	NaN
1999-02-01	NaN	NaN	NaN	NaN	NaN
1999-03-01	NaN	NaN	NaN	NaN	NaN
1999-04-01	NaN	NaN	NaN	NaN	NaN
1999-05-01	NaN	NaN	NaN	NaN	NaN
1999-06-01	NaN	NaN	NaN	NaN	NaN
1999-07-01	NaN	NaN	NaN	NaN	NaN
1999-08-01	NaN	NaN	NaN	NaN	NaN
1999-09-01	NaN	NaN	NaN	NaN	NaN
1999-10-01	NaN	NaN	NaN	NaN	NaN
1999-11-01	NaN	NaN	NaN	NaN	NaN
1999-12-01	NaN	NaN	NaN	NaN	NaN
2000-01-01	NaN	NaN	NaN	NaN	NaN
2000-02-01	NaN	NaN	NaN	NaN	NaN
2000-03-01	NaN	NaN	NaN	NaN	NaN
2000-04-01	NaN	NaN	NaN	NaN	NaN
2000-05-01	NaN	NaN	NaN	NaN	NaN
2000-06-01	NaN	NaN	NaN	NaN	NaN
2000-07-01	NaN	NaN	NaN	NaN	NaN
2000-08-01	NaN	NaN	NaN	NaN	NaN
2000-09-01	NaN	NaN	NaN	NaN	NaN
2000-10-01	NaN	NaN	NaN	NaN	NaN
2000-11-01	NaN	NaN	NaN	NaN	NaN
2000-12-01	NaN	NaN	NaN	NaN	NaN
2001-01-01	NaN	NaN	NaN	NaN	NaN
2001-02-01	NaN	NaN	NaN	NaN	NaN
2001-03-01	NaN	NaN	NaN	NaN	NaN
2001-04-01	NaN	NaN	NaN	NaN	NaN
2001-05-01	NaN	NaN	NaN	NaN	NaN
2001-06-01	NaN	NaN	NaN	NaN	NaN
2001-07-01	NaN	NaN	NaN	NaN	NaN
2001-08-01	NaN	NaN	NaN	NaN	NaN
2001-09-01	NaN	NaN	NaN	NaN	NaN
2001-10-01	NaN	NaN	NaN	NaN	NaN
2001-11-01	NaN	NaN	NaN	NaN	NaN
2001-12-01	NaN	NaN	NaN	NaN	NaN
2002-01-01	NaN	NaN	NaN	NaN	NaN
2002-02-01	NaN	NaN	NaN	NaN	NaN
2002-03-01	NaN	NaN	NaN	NaN	NaN
2002-04-01	NaN	NaN	NaN	NaN	NaN
2002-05-01	NaN	NaN	NaN	NaN	NaN
2002-06-01	NaN	NaN	NaN	NaN	NaN
2002-07-01	NaN	NaN	NaN	NaN	NaN
2002-08-01	NaN	NaN	NaN	NaN	NaN
2002-09-01	NaN	NaN	NaN	NaN	NaN
2002-10-01	NaN	NaN	NaN	NaN	NaN
2002-11-01	NaN	NaN	NaN	NaN	NaN
2002-12-01	NaN	NaN	NaN	NaN	NaN
2003-01-01	NaN	NaN	NaN	NaN	NaN
2003-02-01	NaN	NaN	NaN	NaN	NaN
2003-03-01	NaN	NaN	NaN	NaN	NaN
2003-04-01	NaN	NaN	NaN	NaN	NaN
2003-05-01	NaN	NaN	NaN	NaN	NaN
2003-06-01	NaN	NaN	NaN	NaN	NaN
2003-07-01	NaN	NaN	NaN	NaN	NaN
2003-08-01	NaN	NaN	NaN	NaN	NaN
2003-09-01	NaN	NaN	NaN	NaN	NaN
2003-10-01	NaN	NaN	NaN	NaN	NaN
2003-11-01	NaN	NaN	NaN	NaN	NaN
2003-12-01	NaN	NaN	NaN	NaN	NaN
2004-01-01	NaN	NaN	NaN	NaN	NaN
2004-02-01	NaN	NaN	NaN	NaN	NaN
2004-03-01	NaN	NaN	NaN	NaN	NaN
2004-04-01	NaN	NaN	NaN	NaN	NaN
2004-05-01	NaN	NaN	NaN	NaN	NaN
2004-06-01	NaN	NaN	NaN	NaN	NaN
2004-07-01	NaN	NaN	NaN	NaN	NaN
2004-08-01	NaN	NaN	NaN	NaN	NaN
2004-09-01	NaN	NaN	NaN	NaN	NaN
2004-10-01	NaN	NaN	NaN	NaN	NaN
2004-11-01	NaN	NaN	NaN	NaN	NaN
2004-12-01	NaN	NaN	NaN	NaN	NaN
2005-01-01	NaN	NaN	NaN	NaN	NaN
2005-02-01	NaN	NaN	NaN	NaN	NaN
2005-03-01	NaN	NaN	NaN	NaN	NaN
2005-04-01	NaN	NaN	NaN	NaN	NaN
2005-05-01	NaN	NaN	NaN	NaN	NaN
2005-06-01	NaN	NaN	NaN	NaN	NaN
2005-07-01	NaN	NaN	NaN	NaN	NaN
2005-08-01	NaN	NaN	NaN	NaN	NaN
2005-09-01	NaN	NaN	NaN	NaN	NaN
2005-10-01	NaN	NaN	NaN	NaN	NaN
2005-11-01	NaN	NaN	NaN	NaN	NaN
2005-12-01	NaN	NaN	NaN	NaN	NaN
2006-01-01	NaN	NaN	NaN	NaN	NaN
2006-02-01	NaN	NaN	NaN	NaN	NaN
2006-03-01	-0.966555	1.115967	1.255372	0.500021	-2.114976
2006-04-01	-2.059483	1.253715	0.891119	0.900504	-2.397803
2006-05-01	-2.142395	1.370689	0.751944	1.053422	-1.504320
2006-06-01	-1.287745	1.039846	0.564533	0.973820	-0.644898
2006-07-01	-0.783922	0.997230	0.118611	0.846256	-0.163539
2006-08-01	-0.307808	0.600196	-0.215882	0.300165	-0.653257
2006-09-01	-0.116877	0.633169	-0.378671	0.029307	-0.585463
2006-10-01	0.387796	0.734631	-0.395631	-0.261147	-0.227524
2006-11-01	0.692680	0.869356	-0.432504	-0.483955	-0.577489
2006-12-01	0.301340	1.243930	-0.722302	-0.403474	-1.476400
2007-01-01	-0.360462	1.587131	-0.718867	-0.156121	-1.756370
2007-02-01	-0.399711	2.143026	-0.031879	-0.271950	-1.407653
2007-03-01	0.071653	3.066264	0.628833	-0.165872	-0.845647
2007-04-01	1.405285	3.810512	1.780653	-0.804086	-1.137886
2007-05-01	1.917824	4.396630	2.288047	-0.785870	-1.393256
2007-06-01	2.560642	4.816437	3.328801	-1.398269	-1.871699
2007-07-01	2.473747	5.204397	4.008210	-1.409139	-1.897041
2007-08-01	2.659120	5.448886	4.649874	-1.303547	-1.717199
2007-09-01	2.799661	4.879781	4.707723	-0.916953	-1.396482
2007-10-01	3.301049	4.402735	4.786526	-0.509956	-0.623281
2007-11-01	3.888752	3.876447	4.825111	-0.277024	0.152561
2007-12-01	4.204782	3.358768	4.706897	0.039470	0.615016
2008-01-01	4.096019	2.436407	4.600485	-0.010627	-0.238158
2008-02-01	3.016588	1.454446	3.909192	0.794486	-1.009692
2008-03-01	2.611963	0.257839	3.279502	1.151193	-1.349459
2008-04-01	2.203816	-0.477154	2.743440	1.710458	-0.349878
2008-05-01	3.060012	-1.229322	2.913359	1.008772	-0.246174
2008-06-01	3.046376	-1.592298	2.932988	1.231384	-0.072699
2008-07-01	3.293937	-1.710453	3.118466	1.090910	-0.386928
2008-08-01	2.597347	-1.527355	2.830884	1.232505	-0.872535
2008-09-01	1.388372	-0.959619	2.289751	1.557522	-1.289418
2008-10-01	-0.537576	-0.928155	1.555974	1.605750	-2.147522
2008-11-01	-2.134955	-0.817784	1.233613	1.529611	-2.144307
2008-12-01	-2.783748	-0.936905	1.722700	0.730128	-1.192868
2009-01-01	-2.863157	-0.613125	2.049957	-0.095365	-0.360678
2009-02-01	-2.306466	-0.385116	2.369063	-1.067808	0.117843
2009-03-01	-3.041281	-0.481720	2.122541	-1.120273	-0.209739
2009-04-01	-3.669767	-0.859599	2.140058	-1.220388	-0.358458
2009-05-01	-5.260455	-0.854019	1.804410	-0.683660	-0.548837
2009-06-01	-6.362551	-0.476914	1.453687	-0.538274	-0.865462
2009-07-01	-7.449060	-0.513694	0.848352	-0.230145	-1.071384
2009-08-01	-7.627560	-0.896735	0.594068	-0.214096	-0.864580
2009-09-01	-7.041443	-0.928560	0.935385	-0.745115	-0.800270
2009-10-01	-6.101591	-0.699390	1.666916	-1.255142	-0.558777
2009-11-01	-5.271407	-0.750213	2.130990	-1.579533	-0.694154
2009-12-01	-4.536682	-1.189729	2.334279	-1.583680	-0.498985
2010-01-01	-4.089261	-1.677648	1.928317	-1.234036	-0.568917
2010-02-01	-3.471286	-1.889882	1.881088	-0.787269	0.546605
2010-03-01	-2.633847	-2.100326	1.753656	-0.542610	1.586446
2010-04-01	-1.862302	-2.125019	1.855126	-0.482771	1.965366
2010-05-01	-0.769355	-2.413305	2.149842	-0.678520	2.371566
2010-06-01	-0.572294	-2.365843	1.961341	-0.728114	1.795228
2010-07-01	-0.249148	-2.131936	1.881709	-0.815977	1.320767
2010-08-01	-0.667097	-1.624800	1.411497	-0.272214	0.924371
2010-09-01	-0.362990	-1.708616	1.394449	-0.069052	0.959320
2010-10-01	-0.248055	-1.811336	0.974363	0.829473	1.199850
2010-11-01	-0.017085	-1.696435	0.803632	1.496705	1.566843
2010-12-01	0.324797	-1.326846	0.845357	1.799526	1.283263
2011-01-01	0.217050	-0.853437	0.985781	1.951120	0.432238
2011-02-01	-0.105165	-0.879284	0.800902	2.092564	-0.809813
2011-03-01	-0.757750	-0.730753	0.562733	2.372225	-1.656029
2011-04-01	-1.002668	-1.191928	0.074172	2.176991	-2.355904
2011-05-01	-1.762441	-1.462909	-0.906360	2.447341	-2.935241
2011-06-01	-0.958407	-2.459676	-0.898893	2.245007	-1.146077
2011-07-01	-0.361205	-2.919403	-0.632911	1.892695	-0.018014
2011-08-01	0.642212	-3.164854	0.236863	0.967713	0.458304
2011-09-01	-0.017913	-3.133562	-0.199732	1.241113	0.193463
2011-10-01	-0.124262	-3.522469	-0.258208	0.801929	0.219216
2011-11-01	-0.847475	-3.893134	-0.924685	0.787041	-0.131253
2011-12-01	-2.091332	-3.641569	-1.807470	1.232378	-0.926812
2012-01-01	-2.721877	-3.765967	-2.343240	1.556473	-0.894470
2012-02-01	-2.652756	-3.831959	-2.227119	1.299244	-0.554765
2012-03-01	-1.600040	-4.851966	-1.665861	0.010174	-0.809874
2012-04-01	-1.228688	-4.647548	-1.406732	-0.138664	-0.729773
2012-05-01	-0.779546	-4.430966	-0.776557	-0.609771	-0.728706
2012-06-01	-0.879055	-3.610233	-0.703452	-0.298491	-1.159874
2012-07-01	-0.672401	-3.840612	-0.705842	0.020707	-0.780332
2012-08-01	-0.125137	-4.209856	-0.843283	0.407692	0.039811
2012-09-01	1.122744	-4.875101	-0.145438	-0.264170	-0.002883
2012-10-01	1.786691	-4.711726	0.340341	-0.483621	-0.289062
2012-11-01	2.353131	-5.154575	0.858653	-1.162993	-0.773106
2012-12-01	3.011247	-5.675137	1.396994	-1.485417	0.054694
2013-01-01	3.057519	-5.798259	1.695219	-1.816481	0.063595
2013-02-01	2.505707	-5.434029	1.586488	-1.737708	-0.529814
2013-03-01	1.557946	-4.217324	1.463119	-1.067075	-0.377920
2013-04-01	1.111252	-3.308114	1.592142	-0.899595	0.512866
2013-05-01	1.496362	-2.645467	1.732376	-0.784423	1.537329
2013-06-01	1.584594	-2.426403	1.436472	-0.800029	1.538231
2013-07-01	1.663531	-2.130304	0.938675	-1.106335	0.640134
2013-08-01	0.924423	-1.815998	0.349401	-1.293393	-0.310754
2013-09-01	-0.503702	-0.803264	-0.363599	-0.790860	-0.139649
2013-10-01	-1.655879	-0.136127	-0.305492	-0.761508	0.246388
2013-11-01	-2.380309	0.946672	0.081409	-0.337380	1.288692
2013-12-01	-2.237615	1.024452	0.397208	-0.567730	1.308203
2014-01-01	-2.159902	1.015153	0.248056	-0.677361	1.155946
2014-02-01	-2.023840	0.755922	-0.045658	-0.861958	0.804343
2014-03-01	-2.414944	1.206673	0.006495	-0.603297	0.770000
2014-04-01	-2.868830	0.957324	-0.236419	-0.208135	0.035533
2014-05-01	-3.756829	1.010394	-0.313318	0.349529	-0.338793
2014-06-01	-4.174546	0.600533	-0.240910	0.366026	-0.574085
2014-07-01	-4.599502	0.815024	0.272749	0.521588	-0.101017
2014-08-01	-4.585734	0.524245	0.417750	0.556565	-0.074406
2014-09-01	-4.046456	0.743124	0.719984	0.477102	0.081324
2014-10-01	-3.662995	0.635703	0.064716	0.759744	-0.046386
2014-11-01	-2.832141	0.392980	-0.344896	0.557520	-0.435956
2014-12-01	-3.060793	0.346204	-0.825747	0.554243	-0.635428
2015-01-01	-2.194364	0.567511	0.145646	0.112093	0.407028
2015-02-01	-1.536374	1.211286	0.936296	0.249481	1.964341
2015-03-01	-0.531105	0.964668	0.961646	-0.194488	1.909104
2015-04-01	-0.339740	0.721684	0.470354	-0.595331	1.309934
2015-05-01	0.113756	0.384667	0.089020	-0.937638	1.123840
2015-06-01	0.291791	0.635191	-0.134390	-0.809403	1.244307
2015-07-01	0.346735	0.552352	-0.503627	-0.532171	1.239716
2015-08-01	0.457321	0.624630	-0.561957	-0.123587	2.229637
2015-09-01	0.802368	0.509229	-0.329137	-0.315178	2.773348
2015-10-01	1.496428	0.463904	-0.066557	-0.806308	2.104445
2015-11-01	0.984414	0.529018	-0.307616	-0.678126	1.371595
2015-12-01	0.706672	0.307774	-0.554850	-0.717051	0.816865
2016-01-01	-0.122357	0.334505	-1.253748	-0.394589	0.386498
2016-02-01	-1.121128	0.265245	-1.704618	-0.273543	-0.157555
2016-03-01	-1.618413	0.479887	-1.709967	-0.163450	0.285197
2016-04-01	-1.810200	0.815387	-1.486117	0.278704	1.420289
2016-05-01	-1.697205	0.950924	-1.427280	0.213289	1.311651
2016-06-01	-1.561739	0.925099	-1.420215	0.287703	1.352259
2016-07-01	-1.107981	0.803271	-1.493130	-0.024850	0.919377
2016-08-01	-1.312195	1.151971	-1.681321	-0.214469	-0.070411
2016-09-01	-1.773304	0.986597	-1.989590	-0.240492	-0.741272
2016-10-01	-2.383855	0.918674	-1.969430	0.122654	-0.060621
2016-11-01	-2.005496	1.032475	-1.443357	0.050676	0.814871
2016-12-01	-1.322072	1.647367	-1.078453	0.200169	1.373345
2017-01-01	-0.325532	2.046465	-0.744708	0.610866	2.525466
2017-02-01	0.980779	1.501711	-0.888101	0.122538	2.032604
2017-03-01	1.084857	1.308533	-1.264395	0.250104	1.597305
2017-04-01	0.961780	1.034835	-1.394302	-0.225845	0.269143
2017-05-01	0.284451	1.427414	-1.418874	0.094147	0.439895
2017-06-01	0.195366	1.375852	-1.003695	-0.256070	0.535758
2017-07-01	-0.327373	1.396288	-0.626437	-0.146755	1.131566
2017-08-01	-0.133766	0.881068	-0.003782	-0.454916	1.515629
2017-09-01	0.166552	0.763649	0.295157	-0.442606	1.732275
2017-10-01	1.241769	0.667423	0.430215	-0.751961	1.606611
2017-11-01	1.661162	0.995660	0.226025	-0.689445	1.429424
2017-12-01	1.585359	1.116709	0.013527	-0.612653	1.148581
2018-01-01	0.697776	1.275664	-0.219419	-0.347756	0.533359
2018-02-01	-0.040693	1.608702	-0.123777	0.206571	0.921762
2018-03-01	-0.128282	1.402973	-0.080167	0.256452	0.987883
2018-04-01	0.151423	1.578957	0.018172	0.594387	1.701014
2018-05-01	0.889674	1.205756	-0.020367	0.375484	1.537082
2018-06-01	1.035319	1.211026	-0.236361	0.251133	0.758981
2018-07-01	0.927052	1.180727	-0.512051	0.075124	0.001548
2018-08-01	0.444037	1.312556	-0.601225	0.049130	-0.054264
2018-09-01	0.390226	1.220755	-0.603556	0.162137	0.221699
2018-10-01	0.228379	1.352480	-0.648163	0.349548	0.549205
2018-11-01	-0.014343	1.139861	-0.859464	0.283693	-0.089799
2018-12-01	-0.398623	1.556713	-0.745119	0.317032	-0.044556
2019-01-01	-1.538738	2.181840	-1.173027	0.780212	-0.678217
2019-02-01	-2.134158	2.631591	-1.355030	1.074965	-1.373749
2019-03-01	-2.527093	2.733158	-1.423598	1.327910	-1.744433
2019-04-01	-2.184430	2.046513	-1.077537	0.543834	-2.035145
2019-05-01	-2.657620	2.143512	-0.972812	0.610446	-1.818377
2019-06-01	-2.402844	1.897640	-0.747066	0.734448	-0.908189
2019-07-01	-1.713243	1.410822	-0.260085	0.463198	0.129162
2019-08-01	-1.145149	0.907036	-0.435641	0.282756	-0.042801
2019-09-01	-1.704376	1.226993	-1.074010	0.791251	-0.537850
2019-10-01	-2.410364	1.460135	-1.663960	1.421493	-0.917113
2019-11-01	-2.459805	1.688667	-1.801971	1.820721	-0.531717
2019-12-01	-2.188327	1.025392	-1.920864	1.546326	-1.043722
2020-01-01	-1.290844	0.452980	-1.453368	0.912835	-0.703925
2020-02-01	-0.607831	-0.129294	-1.017543	0.122268	-0.167834
2020-03-01	0.292469	0.010225	-0.297427	-0.342514	1.375229
2020-04-01	1.192646	0.092970	0.285790	-0.745710	2.527777
2020-05-01	1.958989	0.058232	1.205104	-1.469691	3.020629
2020-06-01	1.082177	-0.236001	1.421187	-1.825720	1.455906
2020-07-01	-0.255742	-0.397331	1.584841	-1.543045	0.421815
2020-08-01	-1.136892	-0.783733	1.537069	-1.304721	-0.080420
2020-09-01	-0.548848	-1.039474	2.100429	-1.830919	-0.030125
2020-10-01	0.071785	-1.092101	2.249620	-2.131111	0.140119
2020-11-01	-0.090640	-0.723251	2.225927	-2.057435	-0.254102
2020-12-01	-1.441155	-0.049385	1.596647	-0.775792	-0.432859
2021-01-01	-2.111065	0.012298	1.183664	0.357438	-0.158043
2021-02-01	-2.518313	-0.057026	0.739674	1.211509	0.266768
2021-03-01	-1.780767	-0.414984	0.676849	1.070706	-0.198328
2021-04-01	-2.002187	-0.565645	0.077451	1.903900	-0.653697
2021-05-01	-1.916522	-0.792795	-0.616487	2.571435	-1.233085
2021-06-01	-1.511318	-0.646658	-1.050053	2.851683	-0.966229
2021-07-01	-1.073129	0.024758	-1.795619	3.350859	-0.362581
2021-08-01	-0.291170	0.688106	-2.073920	3.607028	0.379679
2021-09-01	-0.053349	0.905329	-2.345459	3.946487	1.024941
2021-10-01	0.310540	0.843148	-1.958871	3.964353	1.173581
2021-11-01	1.441978	0.521625	-1.444819	3.926120	2.042857
2021-12-01	3.872695	-0.266061	-0.623461	3.004017	2.757757
2022-01-01	5.103772	-0.532989	-0.438986	1.968135	1.918801
2022-02-01	5.532919	-0.417265	-0.235165	1.539090	0.862078
2022-03-01	4.920809	-0.591224	-0.655411	2.107500	-0.376230
2022-04-01	5.354699	-0.200557	-0.907417	2.515408	-1.053396
2022-05-01	6.079917	-0.194127	-1.154011	2.600491	-1.408340
2022-06-01	6.822566	0.462433	-1.290697	3.137201	-0.561249
2022-07-01	8.291681	-0.380268	-0.709690	2.427791	-0.556684
2022-08-01	8.901971	-0.556241	-0.316306	2.290660	-0.242108
2022-09-01	8.961812	-0.665856	-0.049337	1.953317	-0.218720
2022-10-01	8.431152	-0.246690	-0.710424	1.877418	-0.511894
2022-11-01	7.724688	-0.137433	-1.393736	1.190252	-1.164051
2022-12-01	7.062825	0.760617	-1.768274	0.614745	-1.124863
2023-01-01	6.960623	0.200212	-1.512074	-0.300971	-1.168119
2023-02-01	7.428419	0.028341	-1.509372	-0.861077	-0.452552
2023-03-01	7.433121	-0.489260	-2.066944	-2.136495	-0.757518
2023-04-01	6.388403	-0.064558	-2.452866	-2.572202	-0.766325
2023-05-01	4.432122	0.090479	-2.912548	-2.963107	-0.956755
2023-06-01	3.511933	-0.327558	-2.741127	-3.628019	-0.693926
2023-07-01	2.614116	0.479835	-3.248473	-3.364857	-0.334584
2023-08-01	2.251802	0.549904	-3.524962	-3.791754	-0.965729
2023-09-01	1.906895	0.627787	-3.677306	-3.924497	-1.665557
2023-10-01	1.588170	-0.017336	-3.303774	-4.281923	-2.079895
2023-11-01	1.678493	-0.253778	-2.801028	-4.242431	-1.712327
2023-12-01	1.737088	-1.096137	-2.441794	-4.340677	-1.754282
2024-01-01	2.472643	-0.828352	-1.861661	-4.289372	-0.594522
2024-02-01	1.814027	-0.726994	-1.911683	-4.218752	-1.067338
2024-03-01	0.684672	0.348384	-1.874384	-3.296731	-0.566249
2024-04-01	-1.028683	1.276513	-2.331255	-2.200291	0.052260
2024-05-01	-0.892204	1.754110	-2.002140	-1.557697	1.170080
2024-06-01	-0.892794	2.088036	-2.031736	-1.123704	1.303913
2024-07-01	-1.072987	1.568433	-1.971688	-1.478388	0.553731
2024-08-01	-1.718024	1.780976	-1.936066	-1.071902	0.790041
2024-09-01	-2.230606	1.905891	-2.020457	-0.638336	1.085159
2024-10-01	-2.272347	2.218673	-2.007822	-0.247928	1.304717
2024-11-01	-2.778225	2.486137	-2.321698	0.332913	0.792573
2024-12-01	-3.382581	2.886465	-2.639873	1.042531	0.333130
2025-01-01	NaN	NaN	NaN	NaN	NaN
2025-02-01	NaN	NaN	NaN	NaN	NaN
2025-03-01	NaN	NaN	NaN	NaN	NaN
2025-04-01	NaN	NaN	NaN	NaN	NaN
2025-05-01	NaN	NaN	NaN	NaN	NaN
2025-06-01	NaN	NaN	NaN	NaN	NaN
2025-07-01	NaN	NaN	NaN	NaN	NaN
2025-08-01	NaN	NaN	NaN	NaN	NaN
2025-09-01	NaN	NaN	NaN	NaN	NaN
2025-10-01	NaN	NaN	NaN	NaN	NaN
2025-11-01	NaN	NaN	NaN	NaN	NaN
2025-12-01	NaN	NaN	NaN	NaN	NaN
2026-01-01	NaN	NaN	NaN	NaN	NaN
2026-02-01	NaN	NaN	NaN	NaN	NaN
2026-03-01	NaN	NaN	NaN	NaN	NaN
2026-04-01	NaN	NaN	NaN	NaN	NaN
2026-05-01	NaN	NaN	NaN	NaN	NaN
2026-06-01	NaN	NaN	NaN	NaN	NaN
2026-07-01	NaN	NaN	NaN	NaN	NaN
2026-08-01	NaN	NaN	NaN	NaN	NaN
2026-09-01	NaN	NaN	NaN	NaN	NaN
2026-10-01	NaN	NaN	NaN	NaN	NaN
2026-11-01	NaN	NaN	NaN	NaN	NaN
2026-12-01	NaN	NaN	NaN	NaN	NaN
