_date_	fcon1	fcon2	fcon3	fcon4	fcon5
1995-01-01	NaN	NaN	NaN	NaN	NaN
1995-02-01	NaN	NaN	NaN	NaN	NaN
1995-03-01	NaN	NaN	NaN	NaN	NaN
1995-04-01	NaN	NaN	NaN	NaN	NaN
1995-05-01	NaN	NaN	NaN	NaN	NaN
1995-06-01	NaN	NaN	NaN	NaN	NaN
1995-07-01	NaN	NaN	NaN	NaN	NaN
1995-08-01	NaN	NaN	NaN	NaN	NaN
1995-09-01	NaN	NaN	NaN	NaN	NaN
1995-10-01	NaN	NaN	NaN	NaN	NaN
1995-11-01	NaN	NaN	NaN	NaN	NaN
1995-12-01	NaN	NaN	NaN	NaN	NaN
1996-01-01	NaN	NaN	NaN	NaN	NaN
1996-02-01	NaN	NaN	NaN	NaN	NaN
1996-03-01	NaN	NaN	NaN	NaN	NaN
1996-04-01	NaN	NaN	NaN	NaN	NaN
1996-05-01	NaN	NaN	NaN	NaN	NaN
1996-06-01	NaN	NaN	NaN	NaN	NaN
1996-07-01	NaN	NaN	NaN	NaN	NaN
1996-08-01	NaN	NaN	NaN	NaN	NaN
1996-09-01	NaN	NaN	NaN	NaN	NaN
1996-10-01	NaN	NaN	NaN	NaN	NaN
1996-11-01	NaN	NaN	NaN	NaN	NaN
1996-12-01	NaN	NaN	NaN	NaN	NaN
1997-01-01	NaN	NaN	NaN	NaN	NaN
1997-02-01	NaN	NaN	NaN	NaN	NaN
1997-03-01	NaN	NaN	NaN	NaN	NaN
1997-04-01	NaN	NaN	NaN	NaN	NaN
1997-05-01	NaN	NaN	NaN	NaN	NaN
1997-06-01	NaN	NaN	NaN	NaN	NaN
1997-07-01	NaN	NaN	NaN	NaN	NaN
1997-08-01	NaN	NaN	NaN	NaN	NaN
1997-09-01	NaN	NaN	NaN	NaN	NaN
1997-10-01	NaN	NaN	NaN	NaN	NaN
1997-11-01	NaN	NaN	NaN	NaN	NaN
1997-12-01	NaN	NaN	NaN	NaN	NaN
1998-01-01	NaN	NaN	NaN	NaN	NaN
1998-02-01	NaN	NaN	NaN	NaN	NaN
1998-03-01	NaN	NaN	NaN	NaN	NaN
1998-04-01	NaN	NaN	NaN	NaN	NaN
1998-05-01	NaN	NaN	NaN	NaN	NaN
1998-06-01	NaN	NaN	NaN	NaN	NaN
1998-07-01	NaN	NaN	NaN	NaN	NaN
1998-08-01	NaN	NaN	NaN	NaN	NaN
1998-09-01	NaN	NaN	NaN	NaN	NaN
1998-10-01	NaN	NaN	NaN	NaN	NaN
1998-11-01	NaN	NaN	NaN	NaN	NaN
1998-12-01	NaN	NaN	NaN	NaN	NaN
1999-01-01	NaN	NaN	NaN	NaN	NaN
1999-02-01	NaN	NaN	NaN	NaN	NaN
1999-03-01	NaN	NaN	NaN	NaN	NaN
1999-04-01	NaN	NaN	NaN	NaN	NaN
1999-05-01	NaN	NaN	NaN	NaN	NaN
1999-06-01	NaN	NaN	NaN	NaN	NaN
1999-07-01	NaN	NaN	NaN	NaN	NaN
1999-08-01	NaN	NaN	NaN	NaN	NaN
1999-09-01	NaN	NaN	NaN	NaN	NaN
1999-10-01	NaN	NaN	NaN	NaN	NaN
1999-11-01	NaN	NaN	NaN	NaN	NaN
1999-12-01	NaN	NaN	NaN	NaN	NaN
2000-01-01	NaN	NaN	NaN	NaN	NaN
2000-02-01	NaN	NaN	NaN	NaN	NaN
2000-03-01	NaN	NaN	NaN	NaN	NaN
2000-04-01	NaN	NaN	NaN	NaN	NaN
2000-05-01	NaN	NaN	NaN	NaN	NaN
2000-06-01	NaN	NaN	NaN	NaN	NaN
2000-07-01	NaN	NaN	NaN	NaN	NaN
2000-08-01	NaN	NaN	NaN	NaN	NaN
2000-09-01	NaN	NaN	NaN	NaN	NaN
2000-10-01	NaN	NaN	NaN	NaN	NaN
2000-11-01	NaN	NaN	NaN	NaN	NaN
2000-12-01	NaN	NaN	NaN	NaN	NaN
2001-01-01	NaN	NaN	NaN	NaN	NaN
2001-02-01	NaN	NaN	NaN	NaN	NaN
2001-03-01	NaN	NaN	NaN	NaN	NaN
2001-04-01	NaN	NaN	NaN	NaN	NaN
2001-05-01	NaN	NaN	NaN	NaN	NaN
2001-06-01	NaN	NaN	NaN	NaN	NaN
2001-07-01	NaN	NaN	NaN	NaN	NaN
2001-08-01	NaN	NaN	NaN	NaN	NaN
2001-09-01	NaN	NaN	NaN	NaN	NaN
2001-10-01	NaN	NaN	NaN	NaN	NaN
2001-11-01	NaN	NaN	NaN	NaN	NaN
2001-12-01	NaN	NaN	NaN	NaN	NaN
2002-01-01	NaN	NaN	NaN	NaN	NaN
2002-02-01	NaN	NaN	NaN	NaN	NaN
2002-03-01	2.643095	1.682966	-1.673356	0.164978	0.137569
2002-04-01	3.104630	2.108595	-1.700213	0.207442	0.154385
2002-05-01	2.889591	2.100862	-1.679064	0.194959	-0.033236
2002-06-01	3.165898	2.279167	-1.566908	-0.088260	-0.251876
2002-07-01	3.210710	2.204092	-1.454275	-0.030639	-0.045670
2002-08-01	2.391318	1.365877	-1.362857	0.099597	-0.268791
2002-09-01	2.441623	0.886374	-1.344426	-0.283426	-0.301943
2002-10-01	1.971668	0.598406	-1.203544	-0.054455	-0.679853
2002-11-01	2.504258	1.169325	-1.047511	-0.382364	-0.177204
2002-12-01	2.655156	1.121632	-0.869878	-0.681998	0.278371
2003-01-01	3.084056	1.396122	-1.164518	-1.329474	0.920373
2003-02-01	3.652383	1.808612	-1.143619	-0.953961	1.063402
2003-03-01	4.324050	1.708820	-1.418029	-0.543982	1.412576
2003-04-01	4.477596	1.815197	-1.337053	-0.314358	1.639372
2003-05-01	4.495755	1.605153	-1.561177	-0.475261	1.819307
2003-06-01	4.343342	1.890569	-1.719221	-0.230879	1.031269
2003-07-01	4.374836	1.859898	-1.814768	-0.456675	0.514543
2003-08-01	3.816782	1.979494	-1.602623	-1.253535	0.438961
2003-09-01	3.358463	1.739038	-1.468033	-1.696488	0.736006
2003-10-01	2.546910	1.165996	-1.744963	-1.979159	1.158554
2003-11-01	2.708485	0.724564	-1.775317	-1.093645	0.349085
2003-12-01	2.395030	0.702627	-1.831293	-0.604347	0.136048
2004-01-01	2.527672	0.792892	-1.551733	-0.318188	0.001174
2004-02-01	2.498462	0.590510	-1.706795	-0.413278	0.321750
2004-03-01	2.685122	0.416674	-1.353071	-0.895636	0.366115
2004-04-01	3.088591	0.834114	-0.810888	-0.748330	0.320997
2004-05-01	3.115371	1.454999	0.180137	-1.205209	0.079283
2004-06-01	3.582821	1.843830	0.814631	-1.620356	0.833253
2004-07-01	3.536619	1.838067	1.298779	-1.097538	1.199989
2004-08-01	4.395046	1.944115	1.215535	-0.344604	1.467495
2004-09-01	4.291457	1.853278	1.246374	-0.018367	0.795629
2004-10-01	4.510307	2.125249	1.794011	-0.908423	0.892864
2004-11-01	4.028771	1.911178	1.976554	-1.394934	1.038217
2004-12-01	4.546490	2.029156	2.220170	-0.875557	1.040265
2005-01-01	4.782642	1.849588	1.660262	-0.202427	0.887972
2005-02-01	4.887251	2.435108	1.426649	-0.688277	0.789866
2005-03-01	4.516448	2.652907	0.775846	-0.726688	0.244591
2005-04-01	5.011384	3.362890	0.279120	-0.219963	0.330286
2005-05-01	5.641575	3.644901	-0.603907	1.210978	1.325888
2005-06-01	5.910214	4.059152	-1.245191	2.240086	1.813791
2005-07-01	5.780960	3.500964	-1.818728	2.106824	1.614274
2005-08-01	5.527323	2.849804	-1.890702	2.440392	0.613495
2005-09-01	5.777472	2.344624	-2.084844	2.402464	1.019967
2005-10-01	5.918082	2.786933	-2.520030	4.426528	0.678790
2005-11-01	6.330806	3.854340	-2.828065	5.185132	0.594036
2005-12-01	6.578787	4.579817	-2.991573	5.360879	0.115302
2006-01-01	6.389214	3.706930	-1.958974	4.319759	-0.754027
2006-02-01	5.601782	1.990950	-1.125209	3.447660	-1.807301
2006-03-01	5.138581	0.863453	-0.106886	3.181852	-2.566829
2006-04-01	4.887856	0.882685	0.135246	3.161891	-2.100582
2006-05-01	5.152805	1.086463	0.371844	3.684733	-1.887493
2006-06-01	5.436770	1.228849	0.402528	3.766546	-1.868170
2006-07-01	5.637300	1.590508	0.617364	3.562078	-1.593484
2006-08-01	5.297132	1.643965	0.913938	2.326801	-0.899628
2006-09-01	5.221435	1.571800	1.104106	2.150237	-0.695852
2006-10-01	4.859179	1.011814	1.306512	0.477704	0.219922
2006-11-01	4.955663	0.988116	1.233219	0.464822	0.038627
2006-12-01	4.424613	0.978946	1.254416	-0.393430	0.992589
2007-01-01	4.358800	1.278152	1.128297	0.360175	0.223984
2007-02-01	4.056698	1.668079	1.209592	0.332247	0.464572
2007-03-01	3.837342	1.613640	1.079438	0.812729	0.072238
2007-04-01	3.850948	2.105592	1.187636	0.767743	-0.092072
2007-05-01	3.705783	2.523190	1.204964	0.927619	-0.596445
2007-06-01	3.467600	3.236461	1.425050	1.173600	-0.842012
2007-07-01	3.284063	3.509127	1.208955	1.823654	-0.648483
2007-08-01	2.638958	3.509253	0.884339	1.173808	-0.681075
2007-09-01	1.845951	3.797776	0.628407	0.635985	-0.982196
2007-10-01	0.737865	3.315559	0.327843	0.550397	-1.516739
2007-11-01	0.236361	3.326407	0.387959	0.377212	-1.230313
2007-12-01	-0.238865	3.010587	0.352115	0.552240	-1.259505
2008-01-01	-0.670441	3.485610	0.435473	-0.218523	-0.836222
2008-02-01	-1.365827	3.501601	0.335979	0.133982	-0.774840
2008-03-01	-2.381594	3.904187	0.351113	-0.572169	-0.018079
2008-04-01	-2.903465	3.883889	0.241330	0.037988	0.074975
2008-05-01	-3.241062	4.782752	0.111743	-0.336262	-0.308129
2008-06-01	-3.546205	5.634912	0.052378	-0.918734	-1.127556
2008-07-01	-4.394332	6.037009	0.322051	-2.041297	-1.131570
2008-08-01	-5.167644	6.195343	0.685997	-1.542661	-0.653153
2008-09-01	-5.433452	6.107044	0.874810	-1.119502	-0.076297
2008-10-01	-6.501790	6.081499	0.583641	-1.043029	0.138952
2008-11-01	-7.227428	6.369764	0.164304	-1.573190	1.026513
2008-12-01	-7.939435	6.619479	-0.361221	-1.784612	1.901424
2009-01-01	-8.626121	7.577795	-0.874668	-1.644712	2.413253
2009-02-01	-9.375372	7.261433	-1.594161	-2.026957	2.635377
2009-03-01	-10.021210	6.586291	-2.296410	-2.649730	2.599206
2009-04-01	-10.043157	5.984296	-2.734729	-3.149402	2.201143
2009-05-01	-9.769683	5.705770	-2.766868	-2.770989	1.596290
2009-06-01	-8.894812	5.116841	-3.208547	-1.446174	1.489176
2009-07-01	-7.913881	4.505555	-3.462764	-0.855412	1.324514
2009-08-01	-7.207239	3.896290	-3.606275	-0.434704	0.777651
2009-09-01	-7.096080	3.692412	-3.322399	0.304752	-0.125473
2009-10-01	-7.112547	3.061562	-2.938720	0.809237	-0.693795
2009-11-01	-6.373261	2.621673	-2.578188	1.106971	-0.998302
2009-12-01	-5.721617	2.219286	-1.907796	1.154825	-0.840939
2010-01-01	-5.235055	1.507488	-1.349897	0.399002	-0.594558
2010-02-01	-6.027587	0.530161	-0.758772	0.465839	-1.262201
2010-03-01	-6.290576	-0.259091	-0.382090	0.961435	-1.953682
2010-04-01	-5.450213	0.093601	0.222544	2.291948	-2.572231
2010-05-01	-4.208272	0.612681	0.772039	1.694353	-1.771392
2010-06-01	-3.626853	0.499455	1.042847	1.025033	-0.150601
2010-07-01	-4.715571	0.637913	1.845199	0.503802	-0.638960
2010-08-01	-5.566589	0.649516	2.556525	1.017909	-1.794819
2010-09-01	-6.285921	1.039826	3.466929	-0.257230	-2.997171
2010-10-01	-6.135819	0.605834	3.184303	-0.982550	-2.091532
2010-11-01	-6.407579	0.234643	2.867267	-1.563860	-1.775776
2010-12-01	-6.488029	-0.666998	2.401052	-0.012474	-2.888475
2011-01-01	-6.757116	-1.112691	2.655499	1.238531	-3.771339
2011-02-01	-6.805322	-1.631335	3.076136	1.439444	-3.531849
2011-03-01	-6.941403	-1.687980	3.217725	0.790631	-3.174501
2011-04-01	-6.460585	-1.330321	2.708330	0.083445	-2.065081
2011-05-01	-6.085157	-1.028533	2.054485	1.000254	-1.341501
2011-06-01	-6.311904	-0.139257	2.317760	1.207630	-1.753459
2011-07-01	-5.990377	-0.421126	1.806397	1.766677	-1.339094
2011-08-01	-5.674940	-0.475574	1.477040	1.096630	-1.153426
2011-09-01	-5.036612	-0.970899	0.227550	1.262203	0.409599
2011-10-01	-5.536911	-0.471546	0.452093	0.887558	-0.451349
2011-11-01	-6.117779	-0.305834	0.471068	1.074502	-0.260846
2011-12-01	-6.959691	0.146682	0.628544	0.945400	-0.215818
2012-01-01	-7.256175	-0.324871	0.438402	0.622997	0.585486
2012-02-01	-7.636143	-0.165382	0.310976	0.189259	0.008356
2012-03-01	-7.796982	0.090360	0.606114	-0.894966	0.162225
2012-04-01	-8.204759	1.134372	0.991105	-0.592159	-0.128308
2012-05-01	-8.564155	1.442265	1.235417	-0.287112	-0.528760
2012-06-01	-8.327228	1.509756	0.719441	0.697084	-0.515738
2012-07-01	-7.880428	0.977485	0.269976	0.341755	-0.371620
2012-08-01	-7.769483	0.283966	-0.289491	-0.466329	0.748425
2012-09-01	-8.645101	-0.371216	0.284527	-0.480747	0.766847
2012-10-01	-9.172874	-1.490549	0.157112	0.219195	1.586062
2012-11-01	-9.464368	-1.537229	0.438292	1.861176	0.285970
2012-12-01	-8.889116	-1.929286	0.190694	1.977786	0.665966
2013-01-01	-8.943563	-1.445894	0.911470	2.778767	-0.154370
2013-02-01	-8.882184	-1.738874	1.274318	2.417455	1.292669
2013-03-01	-8.914512	-1.438136	1.282585	3.120769	1.480036
2013-04-01	-8.402062	-1.820523	0.832946	3.099431	1.512787
2013-05-01	-8.091320	-2.213824	0.329985	2.825695	1.374336
2013-06-01	-7.510433	-2.457216	0.467631	2.930900	1.191758
2013-07-01	-7.255669	-2.693937	0.431607	3.035354	1.979869
2013-08-01	-7.324602	-2.753158	0.588280	4.217474	1.935691
2013-09-01	-6.757276	-3.124164	0.127803	3.832829	1.886837
2013-10-01	-6.958721	-3.810987	0.124365	3.563286	1.253863
2013-11-01	-5.864357	-3.938671	0.001292	2.479550	1.807964
2013-12-01	-5.536624	-3.947693	0.391789	2.169001	2.543038
2014-01-01	-4.188333	-3.699333	-0.350570	1.041674	3.248283
2014-02-01	-3.270274	-4.107371	-1.069617	0.946684	2.743198
2014-03-01	-2.410387	-5.058993	-1.725463	1.091751	2.595864
2014-04-01	-2.007489	-5.514413	-1.772553	1.436083	3.207395
2014-05-01	-1.767732	-5.551725	-1.687525	1.976512	3.625397
2014-06-01	-1.869673	-5.701430	-1.370148	1.181712	2.986472
2014-07-01	-1.314871	-5.224685	-0.895164	1.307122	2.029266
2014-08-01	-0.779028	-5.012334	-0.660621	0.682174	1.296885
2014-09-01	0.017047	-4.188502	-0.648619	0.394109	1.527330
2014-10-01	0.356318	-3.895293	-0.615349	-0.119320	1.691931
2014-11-01	0.053617	-3.452906	-0.446683	-0.569266	2.038691
2014-12-01	-0.020648	-3.385186	-0.443260	-0.307343	1.431046
2015-01-01	-0.139353	-3.865087	-0.573358	-0.744277	1.232893
2015-02-01	0.051054	-3.802707	-0.555541	-1.088865	0.362974
2015-03-01	0.421151	-4.037935	-0.442945	-1.623075	0.068546
2015-04-01	0.828706	-4.022766	-0.405531	-1.103874	-0.413949
2015-05-01	1.236252	-4.203561	-0.296436	-1.021740	-0.009044
2015-06-01	1.171559	-4.204030	-0.433164	-0.789536	0.301982
2015-07-01	0.958114	-3.941933	-0.625072	-0.936395	-0.077533
2015-08-01	1.012656	-3.658228	-0.934615	-1.294292	-0.655333
2015-09-01	1.191700	-3.839133	-1.251797	-1.209008	-1.431203
2015-10-01	1.032581	-4.084437	-1.336223	-1.217876	-1.301406
2015-11-01	1.455460	-4.506652	-1.603549	-1.013496	-1.533070
2015-12-01	1.545915	-4.299299	-1.653348	-0.986240	-1.253260
2016-01-01	1.128869	-4.386898	-1.658477	-0.395622	-1.579630
2016-02-01	1.080736	-4.609434	-1.690730	-0.263948	-0.789595
2016-03-01	0.229833	-5.378664	-1.799039	-0.445058	-0.801652
2016-04-01	-0.296373	-5.329054	-1.610506	-0.935753	-0.479455
2016-05-01	-1.542653	-5.510685	-1.326421	-0.843729	-0.965728
2016-06-01	-1.806031	-5.104215	-0.984746	-0.475030	-0.406207
2016-07-01	-1.317642	-4.830851	-0.702302	-0.669485	0.157236
2016-08-01	-1.213168	-4.854794	-0.436931	-0.762061	1.453968
2016-09-01	-1.020437	-4.584142	-0.301152	-1.015608	1.625250
2016-10-01	-1.085029	-4.890689	-0.298958	-1.071195	1.268583
2016-11-01	-0.796953	-4.387319	-0.051701	-0.656599	0.844148
2016-12-01	-0.369709	-4.649216	0.111482	-0.481697	0.614565
2017-01-01	-0.290210	-5.095858	0.417490	-0.755942	0.860819
2017-02-01	0.007271	-5.080517	0.640437	-1.013957	0.488253
2017-03-01	0.048047	-4.849153	0.940778	-0.928623	0.068523
2017-04-01	0.979997	-3.844206	1.022486	-1.320576	-0.754284
2017-05-01	1.544242	-3.949502	0.824364	-1.586654	-0.896502
2017-06-01	2.253249	-3.948166	0.400820	-1.944997	-1.019651
2017-07-01	2.424231	-3.955011	0.046772	-1.220055	-0.743952
2017-08-01	2.351313	-3.999234	-0.080314	-1.012060	-0.966355
2017-09-01	2.522516	-3.537475	0.158709	-0.556200	-0.611994
2017-10-01	2.609031	-3.308982	0.409846	-0.185655	-0.099048
2017-11-01	3.180405	-3.129561	0.485581	-0.426404	-0.008434
2017-12-01	2.912739	-3.126152	0.523694	-0.488468	0.289829
2018-01-01	3.248656	-3.005163	0.262323	-0.690036	0.100024
2018-02-01	3.178525	-2.382771	0.022028	-0.362171	0.371010
2018-03-01	3.352133	-2.229270	-0.261046	-0.569794	0.720941
2018-04-01	2.818983	-2.306306	-0.350455	-0.819783	0.059564
2018-05-01	2.923200	-2.205340	-0.375825	-1.467841	-0.638958
2018-06-01	2.928678	-2.196008	-0.136500	-1.512495	-1.524820
2018-07-01	3.110798	-2.551052	-0.065441	-1.706435	-0.939894
2018-08-01	2.478333	-2.983486	0.070611	-1.283400	-0.569437
2018-09-01	2.954077	-2.454473	-0.239557	-1.393708	-1.053443
2018-10-01	3.228269	-1.658338	-0.487046	-1.437706	-1.720203
2018-11-01	3.493463	-1.196479	-0.600359	-1.514511	-1.672486
2018-12-01	2.715356	-1.577602	-0.561261	-1.420676	-1.169797
2019-01-01	2.752340	-1.747616	-0.493026	-1.270133	-0.489568
2019-02-01	2.854835	-1.848333	-0.622701	-1.092812	-1.062036
2019-03-01	3.274178	-1.822823	-0.643808	-0.710367	-1.565319
2019-04-01	3.284210	-1.930031	-0.656018	-0.304304	-1.229112
2019-05-01	2.785114	-1.934069	-0.622489	0.673792	-0.362075
2019-06-01	2.764296	-1.505421	-0.848111	0.880023	0.390484
2019-07-01	2.305736	-1.155696	-1.108285	1.258343	-0.139653
2019-08-01	2.254205	-0.999460	-1.305237	0.433856	-1.034878
2019-09-01	1.824591	-0.965261	-1.228248	0.084532	-1.292678
2019-10-01	1.791211	-1.015787	-1.286542	-0.212554	-1.642465
2019-11-01	1.808333	-0.576748	-1.568233	-0.235212	-1.639842
2019-12-01	1.925027	-0.617000	-1.954828	-0.527229	-2.083054
2020-01-01	1.419702	-0.404078	-1.868042	-0.078260	-2.823083
2020-02-01	1.567546	-0.508302	-1.491100	0.010976	-2.421077
2020-03-01	0.088763	0.492461	-1.287780	-0.867114	-1.942642
2020-04-01	-3.343059	1.241896	-0.457302	-3.370593	-1.617882
2020-05-01	-6.046541	0.673546	-0.033038	-4.959223	-1.961622
2020-06-01	-6.057861	-0.795465	0.062367	-4.520192	-2.547533
2020-07-01	-3.267236	-1.334138	-0.714320	-2.814945	-2.501797
2020-08-01	-2.127272	-1.130258	-1.252516	-1.871682	-2.509477
2020-09-01	-1.190458	-0.924670	-1.492469	-1.199979	-1.947342
2020-10-01	-0.850904	-0.510381	-1.243028	-1.074778	-1.598012
2020-11-01	-0.072710	0.081161	-0.966646	-0.686774	-1.477147
2020-12-01	0.023780	0.300919	-0.684945	-0.101454	-1.049475
2021-01-01	0.064044	0.397894	-0.515456	-0.567984	-0.380797
2021-02-01	-0.213313	0.782545	-0.161798	-1.243982	-0.383512
2021-03-01	1.112117	0.262527	0.317557	-1.099676	-0.916605
2021-04-01	4.430479	-1.009549	-0.122562	1.262339	-0.720335
2021-05-01	6.769014	-1.239449	-0.292574	2.088715	0.037659
2021-06-01	6.582015	-0.151227	0.189231	1.186521	1.233771
2021-07-01	4.298965	0.569627	1.665047	-0.706815	1.262170
2021-08-01	3.372608	0.219314	2.843305	-0.992783	1.327606
2021-09-01	3.069484	-0.277216	3.509349	-1.064529	1.754232
2021-10-01	3.090915	-0.608902	3.938958	-1.701498	2.495986
2021-11-01	3.142864	-0.511874	4.240508	-2.556328	2.994338
2021-12-01	3.370783	-0.861368	4.395426	-2.682158	2.417212
2022-01-01	3.879184	-0.496791	4.552244	-1.678468	1.813869
2022-02-01	4.076020	-0.285956	4.702007	-1.619359	1.634381
2022-03-01	3.841130	0.501352	5.083635	-1.334948	1.750514
2022-04-01	3.446553	1.027031	5.550615	-1.491250	1.870926
2022-05-01	3.346267	1.979347	6.221373	-0.638189	1.809208
2022-06-01	3.343773	2.246271	6.443977	-0.062176	1.457272
2022-07-01	3.066689	2.235633	5.990304	0.274701	1.103594
2022-08-01	2.762023	1.478300	5.149431	0.325452	0.632872
2022-09-01	2.624576	1.160743	4.481757	0.015769	0.000835
2022-10-01	3.259149	1.348753	4.045767	0.276155	-0.497559
2022-11-01	3.639225	1.749465	3.604770	1.010932	-0.917446
2022-12-01	3.959217	1.983059	3.076568	1.470218	-0.505964
2023-01-01	3.207420	1.266363	2.540257	1.387446	-0.138369
2023-02-01	2.931930	0.927173	1.808631	1.354183	-0.284050
2023-03-01	3.123513	0.406596	1.012214	1.657940	-0.378818
2023-04-01	3.584542	0.396337	0.149655	1.601662	-0.316775
2023-05-01	3.982132	0.130283	-0.758650	1.518096	-0.322734
2023-06-01	3.653484	0.055030	-1.479295	1.170660	-0.735357
2023-07-01	3.562639	0.386066	-1.641120	0.919281	-0.831842
2023-08-01	2.508428	0.582728	-1.452768	-0.010471	-0.472042
2023-09-01	1.997474	0.692515	-1.305124	-0.579624	-0.134658
2023-10-01	1.635186	0.715042	-1.508084	-0.490001	-0.089636
2023-11-01	2.243765	1.175966	-1.602218	-0.236870	-0.262192
2023-12-01	2.459226	1.758264	-1.505922	-0.241558	0.076835
2024-01-01	2.437385	1.250697	-1.572393	-0.532117	0.387854
2024-02-01	2.422104	0.770295	-1.508269	-1.057507	0.738499
2024-03-01	2.240618	0.428035	-1.558716	-1.454511	1.039467
2024-04-01	2.573768	0.633690	-1.364459	-1.677518	0.496465
2024-05-01	2.689091	0.838325	-1.422587	-1.774054	0.103855
2024-06-01	2.918592	0.647989	-1.311047	-1.982515	-0.019954
2024-07-01	3.339238	1.349137	-1.414636	-1.774414	0.660336
2024-08-01	3.212905	1.512252	-1.534179	-0.535920	0.936840
2024-09-01	3.646869	1.917892	-1.813955	0.466620	0.771409
2024-10-01	3.488366	0.883399	-1.779153	0.039496	0.211298
2024-11-01	3.821595	-0.036745	-1.414603	-1.177177	-0.041419
2024-12-01	3.971544	-0.939579	-0.984055	-1.866882	-0.576206
2025-01-01	NaN	NaN	NaN	NaN	NaN
2025-02-01	NaN	NaN	NaN	NaN	NaN
2025-03-01	NaN	NaN	NaN	NaN	NaN
2025-04-01	NaN	NaN	NaN	NaN	NaN
2025-05-01	NaN	NaN	NaN	NaN	NaN
2025-06-01	NaN	NaN	NaN	NaN	NaN
2025-07-01	NaN	NaN	NaN	NaN	NaN
2025-08-01	NaN	NaN	NaN	NaN	NaN
2025-09-01	NaN	NaN	NaN	NaN	NaN
2025-10-01	NaN	NaN	NaN	NaN	NaN
2025-11-01	NaN	NaN	NaN	NaN	NaN
2025-12-01	NaN	NaN	NaN	NaN	NaN
2026-01-01	NaN	NaN	NaN	NaN	NaN
2026-02-01	NaN	NaN	NaN	NaN	NaN
2026-03-01	NaN	NaN	NaN	NaN	NaN
2026-04-01	NaN	NaN	NaN	NaN	NaN
2026-05-01	NaN	NaN	NaN	NaN	NaN
2026-06-01	NaN	NaN	NaN	NaN	NaN
2026-07-01	NaN	NaN	NaN	NaN	NaN
2026-08-01	NaN	NaN	NaN	NaN	NaN
2026-09-01	NaN	NaN	NaN	NaN	NaN
2026-10-01	NaN	NaN	NaN	NaN	NaN
2026-11-01	NaN	NaN	NaN	NaN	NaN
2026-12-01	NaN	NaN	NaN	NaN	NaN
