_date_	finv1	finv2	finv3	finv4	finv5
1995-01-01	NaN	NaN	NaN	NaN	NaN
1995-02-01	NaN	NaN	NaN	NaN	NaN
1995-03-01	NaN	NaN	NaN	NaN	NaN
1995-04-01	NaN	NaN	NaN	NaN	NaN
1995-05-01	NaN	NaN	NaN	NaN	NaN
1995-06-01	NaN	NaN	NaN	NaN	NaN
1995-07-01	NaN	NaN	NaN	NaN	NaN
1995-08-01	NaN	NaN	NaN	NaN	NaN
1995-09-01	NaN	NaN	NaN	NaN	NaN
1995-10-01	NaN	NaN	NaN	NaN	NaN
1995-11-01	NaN	NaN	NaN	NaN	NaN
1995-12-01	NaN	NaN	NaN	NaN	NaN
1996-01-01	NaN	NaN	NaN	NaN	NaN
1996-02-01	NaN	NaN	NaN	NaN	NaN
1996-03-01	NaN	NaN	NaN	NaN	NaN
1996-04-01	NaN	NaN	NaN	NaN	NaN
1996-05-01	NaN	NaN	NaN	NaN	NaN
1996-06-01	NaN	NaN	NaN	NaN	NaN
1996-07-01	NaN	NaN	NaN	NaN	NaN
1996-08-01	NaN	NaN	NaN	NaN	NaN
1996-09-01	NaN	NaN	NaN	NaN	NaN
1996-10-01	NaN	NaN	NaN	NaN	NaN
1996-11-01	NaN	NaN	NaN	NaN	NaN
1996-12-01	NaN	NaN	NaN	NaN	NaN
1997-01-01	NaN	NaN	NaN	NaN	NaN
1997-02-01	NaN	NaN	NaN	NaN	NaN
1997-03-01	NaN	NaN	NaN	NaN	NaN
1997-04-01	NaN	NaN	NaN	NaN	NaN
1997-05-01	NaN	NaN	NaN	NaN	NaN
1997-06-01	NaN	NaN	NaN	NaN	NaN
1997-07-01	NaN	NaN	NaN	NaN	NaN
1997-08-01	NaN	NaN	NaN	NaN	NaN
1997-09-01	NaN	NaN	NaN	NaN	NaN
1997-10-01	NaN	NaN	NaN	NaN	NaN
1997-11-01	NaN	NaN	NaN	NaN	NaN
1997-12-01	NaN	NaN	NaN	NaN	NaN
1998-01-01	NaN	NaN	NaN	NaN	NaN
1998-02-01	NaN	NaN	NaN	NaN	NaN
1998-03-01	NaN	NaN	NaN	NaN	NaN
1998-04-01	NaN	NaN	NaN	NaN	NaN
1998-05-01	NaN	NaN	NaN	NaN	NaN
1998-06-01	NaN	NaN	NaN	NaN	NaN
1998-07-01	NaN	NaN	NaN	NaN	NaN
1998-08-01	NaN	NaN	NaN	NaN	NaN
1998-09-01	NaN	NaN	NaN	NaN	NaN
1998-10-01	NaN	NaN	NaN	NaN	NaN
1998-11-01	NaN	NaN	NaN	NaN	NaN
1998-12-01	NaN	NaN	NaN	NaN	NaN
1999-01-01	NaN	NaN	NaN	NaN	NaN
1999-02-01	NaN	NaN	NaN	NaN	NaN
1999-03-01	NaN	NaN	NaN	NaN	NaN
1999-04-01	NaN	NaN	NaN	NaN	NaN
1999-05-01	NaN	NaN	NaN	NaN	NaN
1999-06-01	NaN	NaN	NaN	NaN	NaN
1999-07-01	NaN	NaN	NaN	NaN	NaN
1999-08-01	NaN	NaN	NaN	NaN	NaN
1999-09-01	NaN	NaN	NaN	NaN	NaN
1999-10-01	NaN	NaN	NaN	NaN	NaN
1999-11-01	NaN	NaN	NaN	NaN	NaN
1999-12-01	NaN	NaN	NaN	NaN	NaN
2000-01-01	NaN	NaN	NaN	NaN	NaN
2000-02-01	NaN	NaN	NaN	NaN	NaN
2000-03-01	NaN	NaN	NaN	NaN	NaN
2000-04-01	NaN	NaN	NaN	NaN	NaN
2000-05-01	NaN	NaN	NaN	NaN	NaN
2000-06-01	NaN	NaN	NaN	NaN	NaN
2000-07-01	NaN	NaN	NaN	NaN	NaN
2000-08-01	NaN	NaN	NaN	NaN	NaN
2000-09-01	NaN	NaN	NaN	NaN	NaN
2000-10-01	NaN	NaN	NaN	NaN	NaN
2000-11-01	NaN	NaN	NaN	NaN	NaN
2000-12-01	NaN	NaN	NaN	NaN	NaN
2001-01-01	NaN	NaN	NaN	NaN	NaN
2001-02-01	NaN	NaN	NaN	NaN	NaN
2001-03-01	NaN	NaN	NaN	NaN	NaN
2001-04-01	NaN	NaN	NaN	NaN	NaN
2001-05-01	NaN	NaN	NaN	NaN	NaN
2001-06-01	NaN	NaN	NaN	NaN	NaN
2001-07-01	NaN	NaN	NaN	NaN	NaN
2001-08-01	NaN	NaN	NaN	NaN	NaN
2001-09-01	NaN	NaN	NaN	NaN	NaN
2001-10-01	NaN	NaN	NaN	NaN	NaN
2001-11-01	NaN	NaN	NaN	NaN	NaN
2001-12-01	NaN	NaN	NaN	NaN	NaN
2002-01-01	NaN	NaN	NaN	NaN	NaN
2002-02-01	NaN	NaN	NaN	NaN	NaN
2002-03-01	NaN	NaN	NaN	NaN	NaN
2002-04-01	NaN	NaN	NaN	NaN	NaN
2002-05-01	NaN	NaN	NaN	NaN	NaN
2002-06-01	NaN	NaN	NaN	NaN	NaN
2002-07-01	NaN	NaN	NaN	NaN	NaN
2002-08-01	NaN	NaN	NaN	NaN	NaN
2002-09-01	NaN	NaN	NaN	NaN	NaN
2002-10-01	NaN	NaN	NaN	NaN	NaN
2002-11-01	NaN	NaN	NaN	NaN	NaN
2002-12-01	NaN	NaN	NaN	NaN	NaN
2003-01-01	NaN	NaN	NaN	NaN	NaN
2003-02-01	NaN	NaN	NaN	NaN	NaN
2003-03-01	0.981916	0.668301	0.632404	2.535989	0.308862
2003-04-01	1.258931	0.407357	1.246807	2.020399	-1.071620
2003-05-01	1.564671	0.583824	1.834145	1.423035	-0.969474
2003-06-01	1.124925	-0.671912	0.999636	1.309128	-0.794742
2003-07-01	0.667555	-1.378087	1.543944	-0.150226	-1.465385
2003-08-01	-0.072506	-2.081097	0.596365	0.103010	0.029812
2003-09-01	-0.168005	-1.774951	-0.124991	1.336531	0.522516
2003-10-01	0.035870	-2.062990	0.490567	0.869871	-0.904488
2003-11-01	0.004653	-3.265796	0.758159	-0.227774	-1.106183
2003-12-01	-0.412833	-3.948069	-0.000381	-0.037429	0.209512
2004-01-01	-0.322262	-3.347762	-0.398049	0.816587	0.815324
2004-02-01	0.635514	-1.719345	-0.473073	2.233525	0.970628
2004-03-01	0.869523	-1.657144	0.910514	1.110854	-1.039894
2004-04-01	0.717596	-1.614109	1.582252	0.194625	-0.958823
2004-05-01	-0.159158	-3.160362	0.294407	0.233888	-0.777638
2004-06-01	0.492551	-2.016005	-0.157554	1.489459	0.692313
2004-07-01	1.314303	-1.107690	-0.447002	2.972828	0.820136
2004-08-01	2.157233	0.737314	1.590847	2.380615	-0.944630
2004-09-01	1.818650	-0.062398	1.893775	1.321530	-1.662224
2004-10-01	1.205965	-0.409330	1.683101	0.714474	-0.987243
2004-11-01	1.026241	-0.192565	0.422387	1.774256	0.399786
2004-12-01	1.186734	0.909333	0.799754	1.984304	-0.111557
2005-01-01	1.350442	1.276089	1.457111	1.516992	-0.678637
2005-02-01	0.544956	0.236414	1.676256	0.307941	-1.404883
2005-03-01	0.388865	-0.343995	0.762009	0.584219	-0.184225
2005-04-01	0.831607	-0.147580	-0.575934	2.004005	0.665403
2005-05-01	1.765397	1.332696	0.607584	2.124523	0.190901
2005-06-01	1.628071	1.264578	1.546407	0.901358	-1.218154
2005-07-01	0.607477	0.357456	1.904013	-0.457271	-1.267907
2005-08-01	0.197731	-0.476910	0.122708	0.459592	0.488097
2005-09-01	0.593618	0.290309	-0.364575	1.742245	0.916252
2005-10-01	1.160717	1.124897	0.891063	1.419129	-0.106455
2005-11-01	1.307614	1.319813	1.331900	1.170322	-0.543500
2005-12-01	1.523978	0.406957	0.703256	1.302920	-0.734142
2006-01-01	1.795815	0.155587	0.769012	1.013135	-0.325483
2006-02-01	1.690374	-0.255873	0.871128	0.696910	-0.299659
2006-03-01	1.488536	-0.044805	0.760015	0.903728	-0.356516
2006-04-01	1.196717	-0.276372	0.916897	1.094396	-0.086146
2006-05-01	1.385422	0.157228	0.958858	1.714921	0.135576
2006-06-01	1.351404	-0.001253	1.194843	1.767501	-0.488282
2006-07-01	1.396080	-0.564110	1.679276	0.877162	-0.830186
2006-08-01	1.407672	-0.827718	0.707325	1.479370	0.054893
2006-09-01	1.481427	-0.439200	0.704566	1.636963	-0.076515
2006-10-01	2.072075	0.056848	0.905454	1.613569	-0.249756
2006-11-01	2.145983	0.094957	0.868757	1.768921	-0.496974
2006-12-01	2.256106	0.146885	1.420427	1.444764	-0.526101
2007-01-01	2.073924	-0.523822	1.233317	1.253959	-0.946420
2007-02-01	2.038466	-0.329706	1.080515	1.511939	-0.383962
2007-03-01	1.986986	-0.848621	0.981979	1.373441	-0.496461
2007-04-01	1.561769	-1.010495	1.531952	0.729732	-0.935285
2007-05-01	1.181306	-1.794466	0.820790	0.903129	-0.388637
2007-06-01	1.068034	-1.703011	0.607583	1.524299	-0.117598
2007-07-01	1.427635	-1.563948	0.630342	1.944317	-0.459669
2007-08-01	0.882899	-2.563146	1.581827	0.402918	-1.754219
2007-09-01	0.289816	-3.529311	1.110460	-0.291166	-0.810615
2007-10-01	-0.379814	-3.749194	-0.322437	0.724610	0.453725
2007-11-01	-0.536477	-3.151320	0.463879	0.302095	0.009104
2007-12-01	-0.647739	-2.679130	0.350994	0.513175	0.051812
2008-01-01	-0.900250	-1.798289	0.231287	1.212792	0.564710
2008-02-01	-0.404695	-1.151982	0.526143	1.568173	0.276038
2008-03-01	-0.817976	-0.056473	1.581639	1.521642	0.218944
2008-04-01	-0.678900	0.683920	1.508037	2.049700	0.167825
2008-05-01	-2.114215	-0.781178	2.642893	0.070352	-2.160603
2008-06-01	-3.667119	-2.733303	2.768036	-1.751953	-1.242253
2008-07-01	-5.096876	-3.104424	-0.150744	0.951700	1.942647
2008-08-01	-5.083970	-0.769043	0.534072	2.122165	1.570590
2008-09-01	-4.656973	1.172234	2.014450	1.985395	0.562376
2008-10-01	-5.606381	1.365601	2.738722	1.263244	-0.324776
2008-11-01	-6.522975	1.816455	2.828708	1.090678	0.288056
2008-12-01	-7.791866	2.198448	2.337619	1.544785	0.665116
2009-01-01	-8.678210	2.514296	2.967871	0.719085	-0.203894
2009-02-01	-9.510688	3.145397	2.417013	1.364560	0.854930
2009-03-01	-9.576777	2.976567	1.625862	1.908733	0.152108
2009-04-01	-9.605747	2.156902	2.453607	0.567969	-0.860022
2009-05-01	-9.160422	1.970597	1.235030	1.477490	1.419265
2009-06-01	-8.193414	2.986056	0.577578	3.458515	1.661839
2009-07-01	-6.983715	3.684301	2.338127	2.335111	-0.702673
2009-08-01	-5.852377	2.493495	1.875631	1.750126	-0.764716
2009-09-01	-5.359877	1.276314	0.909194	1.578403	-0.494565
2009-10-01	-4.319346	0.248167	0.750797	0.827749	-0.696776
2009-11-01	-3.652887	-0.679637	-0.016744	0.890810	-0.545257
2009-12-01	-2.519718	-0.875590	-0.382670	1.261962	0.086121
2010-01-01	-1.857291	-1.839147	0.073712	0.609251	-0.903557
2010-02-01	-1.263632	-2.855288	0.042589	-0.123377	-1.110438
2010-03-01	-0.708586	-3.884940	-1.156438	0.370884	0.080849
2010-04-01	-0.253028	-3.267994	-0.825663	0.430842	0.013865
2010-05-01	0.512340	-2.076437	-0.929087	1.082714	0.011388
2010-06-01	0.790005	-1.716751	-0.459252	0.948777	-0.955114
2010-07-01	0.422129	-2.340726	0.748131	-0.964899	-1.415520
2010-08-01	-1.044622	-2.427301	0.379925	-1.000210	-0.051980
2010-09-01	-1.732454	-1.820765	-0.762485	0.369452	0.614193
2010-10-01	-1.334478	-0.718139	-0.539146	0.878643	0.118316
2010-11-01	-0.595257	-0.835518	-0.118873	0.708979	-0.440027
2010-12-01	-0.762453	-1.768615	0.473524	-0.352958	-1.281439
2011-01-01	-0.674357	-2.421143	-0.290392	0.077581	-0.279725
2011-02-01	-0.868449	-3.067953	-0.587335	0.573410	-0.276197
2011-03-01	-1.029587	-3.464114	0.560544	-0.444372	-0.988543
2011-04-01	-1.489129	-4.277797	-0.030333	0.025871	-0.145705
2011-05-01	-1.707632	-3.946678	-0.227412	0.515750	0.417511
2011-06-01	-1.792540	-3.776019	0.239614	0.108504	-0.092031
2011-07-01	-1.682558	-3.553650	-0.123837	0.392972	-0.226847
2011-08-01	-1.373287	-3.860971	-0.627953	0.577236	-0.192501
2011-09-01	-0.783282	-3.710393	-0.319252	0.307637	-0.144686
2011-10-01	-1.340537	-4.341571	0.040721	-0.863278	-0.778293
2011-11-01	-2.014611	-4.191122	0.084906	-0.844149	0.169031
2011-12-01	-2.987889	-4.627782	-0.538307	-0.439869	0.200386
2012-01-01	-3.546918	-4.343198	0.190923	-1.136250	-0.149321
2012-02-01	-3.678479	-3.385656	-0.887209	0.192013	1.647230
2012-03-01	-4.127425	-2.840531	-0.143346	-0.462702	0.128935
2012-04-01	-4.387099	-2.355578	0.499312	-1.386831	-0.155515
2012-05-01	-4.662175	-1.977518	-1.123794	0.362049	1.487051
2012-06-01	-4.321147	-1.355994	-0.158141	0.141142	0.202490
2012-07-01	-4.149092	-1.378692	0.490419	-0.670783	-0.254972
2012-08-01	-4.133970	-2.026438	-0.560738	-0.462767	0.532056
2012-09-01	-4.681908	-2.053528	-0.069875	-1.602855	0.266702
2012-10-01	-4.602669	-1.341934	-0.832023	-1.011880	1.281524
2012-11-01	-4.753596	-1.437223	-1.386670	-0.996136	0.354166
2012-12-01	-3.844410	-1.188532	-0.985063	-1.559853	0.518182
2013-01-01	-3.250060	-0.711828	-2.024870	-0.043373	1.622168
2013-02-01	-2.761834	-0.479601	-0.572311	-0.623156	-0.209080
2013-03-01	-1.861685	-0.016839	-0.638687	0.277356	0.323701
2013-04-01	-1.263488	-0.042591	-1.081020	1.171780	0.198662
2013-05-01	-0.689345	-0.704918	0.497388	-1.051791	-1.710265
2013-06-01	-0.516496	-1.374969	-0.907058	-0.421633	-0.118149
2013-07-01	0.105021	-0.771313	-1.891550	1.525809	0.948790
2013-08-01	1.002911	0.790561	0.023081	1.376864	-0.737357
2013-09-01	1.549558	0.960308	0.473056	1.181675	-1.494199
2013-10-01	1.817658	0.727470	0.238292	1.256833	-1.055815
2013-11-01	2.306304	0.836837	0.277376	1.503101	-0.525503
2013-12-01	2.756535	1.994554	0.403440	2.394295	-0.426636
2014-01-01	3.095962	2.393344	1.104573	2.265254	-1.383872
2014-02-01	3.110783	1.736469	1.659856	1.109209	-2.368292
2014-03-01	2.729369	1.198118	0.918524	0.958605	-1.311980
2014-04-01	2.937618	0.766335	0.006301	1.245071	-0.846127
2014-05-01	3.174777	1.475017	0.270172	1.175536	-0.863947
2014-06-01	2.692727	1.084329	0.917242	-0.019286	-1.169340
2014-07-01	2.076017	1.324790	0.591932	-0.219877	-0.783606
2014-08-01	1.320710	0.546929	-0.199492	-0.330398	-0.452104
2014-09-01	1.510096	0.400119	-0.289338	-0.594852	-0.236339
2014-10-01	1.725963	0.505282	-1.226455	0.270469	0.297153
2014-11-01	1.955337	0.668894	-0.426815	-0.562985	-0.623011
2014-12-01	1.748466	0.228163	-0.257341	-1.541475	-0.833066
2015-01-01	1.263957	-0.836884	-1.250785	-1.726215	-0.335157
2015-02-01	1.304869	-1.315504	-1.839058	-1.877427	0.182186
2015-03-01	1.883267	-0.703296	-2.506783	-1.000638	1.050557
2015-04-01	2.036597	0.622850	-1.658631	-0.808068	0.623211
2015-05-01	2.436026	1.244447	-1.004948	-0.814992	-0.150529
2015-06-01	2.844712	1.449361	-1.391228	0.042950	-0.202782
2015-07-01	3.234799	0.050528	-0.696390	-1.088362	-1.138546
2015-08-01	2.745008	-1.226306	-0.398907	-2.485243	-1.152807
2015-09-01	2.210584	-2.005587	-2.074687	-1.641707	0.464923
2015-10-01	2.194435	-1.411836	-2.122260	-1.270631	0.566410
2015-11-01	2.424947	-1.413329	-1.516180	-1.878583	-0.207244
2015-12-01	2.131283	-1.752858	-1.578245	-2.174558	-0.014723
2016-01-01	2.007701	-1.755035	-1.942432	-1.962942	0.738434
2016-02-01	2.072214	-0.791838	-1.859716	-1.257328	1.140419
2016-03-01	1.930203	0.018990	-1.058650	-1.422202	0.670711
2016-04-01	1.986886	-0.347469	-0.993051	-1.826104	0.054070
2016-05-01	1.185666	-1.445754	-0.971821	-2.943063	-0.284967
2016-06-01	0.862102	-1.674723	-1.605824	-2.715989	1.142859
2016-07-01	0.305588	-0.602045	-2.205120	-1.417552	1.754073
2016-08-01	1.491052	1.854311	-1.988758	0.029975	1.774266
2016-09-01	1.755796	2.618154	-0.702855	-0.486590	0.133429
2016-10-01	1.610804	2.227325	0.761746	-2.263212	-0.634122
2016-11-01	0.751566	1.481732	-0.772527	-1.133214	0.857626
2016-12-01	0.835798	1.652641	-0.933162	-0.446276	0.958231
2017-01-01	1.421579	2.287924	-0.479361	-0.097380	0.460951
2017-02-01	1.394936	2.063279	-0.117901	-0.474214	-0.220874
2017-03-01	1.234664	0.806921	0.009499	-1.675944	-0.944416
2017-04-01	0.537952	0.082365	-0.614452	-1.832545	0.316566
2017-05-01	0.888619	0.468757	-1.756874	-0.390866	1.592395
2017-06-01	1.304803	1.392073	-1.132352	-0.220699	0.567031
2017-07-01	1.878046	1.483561	-0.260811	-1.078627	-0.103055
2017-08-01	1.697403	1.438874	-0.691128	-0.824601	0.463618
2017-09-01	1.979232	1.807726	-0.861344	-0.317599	0.533187
2017-10-01	2.430500	2.315081	-0.757952	0.028076	0.203899
2017-11-01	2.875387	2.738686	-0.349662	-0.055076	-0.064780
2017-12-01	3.010329	3.083016	-0.149408	-0.101132	-0.186969
2018-01-01	2.734399	2.831153	0.156510	-0.603196	-0.538450
2018-02-01	2.275263	2.383548	0.218831	-0.958091	-0.492806
2018-03-01	2.067157	2.593112	-0.407138	-0.059508	0.516926
2018-04-01	1.257432	0.196138	0.315110	-2.180176	-1.949679
2018-05-01	0.249856	-2.087907	0.042137	-4.176387	-1.355223
2018-06-01	-0.525396	-3.600024	-3.115199	-2.260427	1.767592
2018-07-01	0.055107	-1.960902	-2.763986	-1.174648	1.500810
2018-08-01	0.763948	-0.727718	-1.651113	-1.040597	0.405121
2018-09-01	0.184359	-1.229016	-0.501100	-2.536946	-0.696834
2018-10-01	-0.345406	-1.473032	-0.888273	-2.525950	0.329002
2018-11-01	-0.959887	-1.397260	-1.939483	-1.454515	1.363775
2018-12-01	-0.848563	-1.288224	-1.100027	-2.281834	0.336090
2019-01-01	-0.384120	-0.190350	-1.958765	-0.858349	1.632494
2019-02-01	-0.149314	-0.320593	-1.622698	-1.080006	0.425025
2019-03-01	-0.040782	-0.484624	-0.246283	-2.799338	-0.636030
2019-04-01	0.562398	1.665613	-2.588116	0.558130	3.193265
2019-05-01	1.731720	4.178549	-1.557272	1.883895	1.538095
2019-06-01	2.492065	5.567626	1.680114	-0.575892	-1.494092
2019-07-01	1.709815	4.089332	0.568426	-0.994034	-0.540524
2019-08-01	0.662551	1.916503	-0.051659	-2.558543	-0.987836
2019-09-01	0.320599	1.358575	-1.020780	-2.597664	0.488731
2019-10-01	-0.027381	0.739905	-2.349919	-1.927564	1.323506
2019-11-01	0.034646	0.496128	-1.162881	-3.122535	-0.040371
2019-12-01	0.058650	0.975425	-2.151780	-1.786901	1.787403
2020-01-01	-0.189248	1.075638	-1.682590	-1.720144	0.980126
2020-02-01	0.522829	2.979859	-1.091090	-1.065276	1.218440
2020-03-01	-2.926234	2.756650	1.091725	-3.464779	-0.700285
2020-04-01	-11.001191	3.481188	5.552105	-8.902424	-2.484195
2020-05-01	-16.103783	4.735954	-2.378634	-2.552040	0.731416
2020-06-01	-14.198752	5.529277	-7.644325	2.964177	-1.332264
2020-07-01	-6.748217	4.316291	-4.945682	0.328601	-3.313498
2020-08-01	-3.292008	3.065084	-3.915930	-0.832826	-2.292638
2020-09-01	-1.408396	3.804992	-3.705552	-0.225313	-1.411897
2020-10-01	-0.837092	3.983658	-2.728481	-0.578648	-3.028597
2020-11-01	-0.225886	4.716512	-2.324748	-0.841478	-3.270765
2020-12-01	-0.418945	4.266611	-2.701329	-0.744050	-3.269977
2021-01-01	-0.939972	3.748446	-1.546604	-2.478802	-4.094064
2021-02-01	-2.148214	2.494677	-2.304184	-2.907660	-3.177954
2021-03-01	0.863234	2.356757	-6.258323	1.255280	-0.812078
2021-04-01	9.841955	3.002387	-9.298466	6.509736	0.000604
2021-05-01	14.963735	1.785314	-0.948162	0.387606	-2.966728
2021-06-01	12.699966	1.624646	5.380873	-5.514006	-0.918591
2021-07-01	5.062958	2.567533	2.578644	-2.897960	2.087480
2021-08-01	2.101216	4.608205	1.416036	-0.998625	2.619999
2021-09-01	1.228907	4.752547	1.460470	-0.866593	2.310272
2021-10-01	1.141966	5.098542	2.056743	-1.077572	2.939166
2021-11-01	0.999277	4.705880	1.713676	-0.559208	3.665592
2021-12-01	1.117261	4.091271	2.091257	-1.238092	3.037458
2022-01-01	1.691918	3.512293	1.202027	-0.841121	3.660893
2022-02-01	2.095348	2.664882	1.009979	-0.829768	3.308542
2022-03-01	1.972805	2.665442	2.341228	-1.658029	3.440309
2022-04-01	1.451127	1.321237	2.016182	-1.444169	3.915964
2022-05-01	1.485719	1.131103	1.578566	-0.620362	4.255291
2022-06-01	2.449266	0.286359	1.087863	0.254732	4.229336
2022-07-01	2.791786	0.249610	1.707243	-0.364696	2.431530
2022-08-01	3.132675	0.161797	0.889601	-0.129161	2.193880
2022-09-01	3.067238	-0.293786	0.374835	0.052684	1.166573
2022-10-01	3.191226	-0.415418	0.855232	-0.101385	0.724996
2022-11-01	2.786265	-0.502157	0.569881	0.670332	0.903721
2022-12-01	2.896974	0.151841	0.618507	1.042608	0.296992
2023-01-01	2.754850	-0.295263	1.027533	0.231703	-0.494762
2023-02-01	2.687591	-0.649079	0.823895	0.199618	0.243321
2023-03-01	2.911465	-0.730752	-0.208372	1.267434	0.690263
2023-04-01	2.799438	-0.271611	0.852224	0.654050	-0.383746
2023-05-01	2.623616	-0.118683	0.916980	0.490238	-0.313710
2023-06-01	1.973186	-0.121510	0.318855	0.849275	-0.612962
2023-07-01	2.063440	-0.524854	0.465518	0.441942	-0.819753
2023-08-01	1.016248	-1.743959	0.971067	-0.789139	-1.268103
2023-09-01	0.177697	-2.131606	0.488623	-0.588258	-0.063393
2023-10-01	-0.316856	-2.550160	-0.635433	0.407925	0.184215
2023-11-01	0.284892	-2.461178	-0.298770	-0.022806	-0.298889
2023-12-01	0.173801	-2.545605	-0.232866	-0.421163	0.309076
2024-01-01	0.118048	-1.548523	-0.367065	0.083567	1.032352
2024-02-01	0.182977	-0.452427	-0.316357	0.808766	0.690749
2024-03-01	0.388873	0.230654	0.612506	0.453602	0.094112
2024-04-01	0.594509	0.092449	0.369090	0.476975	-0.142234
2024-05-01	0.251994	-0.463820	0.407743	-0.062656	-0.540041
2024-06-01	-0.018572	-1.012508	0.432030	-0.448494	-0.078300
2024-07-01	-0.493097	-0.359699	-0.091594	0.545196	0.861830
2024-08-01	-0.390228	0.514884	0.249272	0.859868	0.551921
2024-09-01	0.152969	1.023592	0.389153	0.829370	0.051633
2024-10-01	0.428343	0.565917	0.347201	0.524114	-0.166071
2024-11-01	0.216342	-0.143207	0.795470	-0.377080	-0.436127
2024-12-01	-0.238085	-0.954174	0.244370	-0.517958	-0.273151
2025-01-01	NaN	NaN	NaN	NaN	NaN
2025-02-01	NaN	NaN	NaN	NaN	NaN
2025-03-01	NaN	NaN	NaN	NaN	NaN
2025-04-01	NaN	NaN	NaN	NaN	NaN
2025-05-01	NaN	NaN	NaN	NaN	NaN
2025-06-01	NaN	NaN	NaN	NaN	NaN
2025-07-01	NaN	NaN	NaN	NaN	NaN
2025-08-01	NaN	NaN	NaN	NaN	NaN
2025-09-01	NaN	NaN	NaN	NaN	NaN
2025-10-01	NaN	NaN	NaN	NaN	NaN
2025-11-01	NaN	NaN	NaN	NaN	NaN
2025-12-01	NaN	NaN	NaN	NaN	NaN
2026-01-01	NaN	NaN	NaN	NaN	NaN
2026-02-01	NaN	NaN	NaN	NaN	NaN
2026-03-01	NaN	NaN	NaN	NaN	NaN
2026-04-01	NaN	NaN	NaN	NaN	NaN
2026-05-01	NaN	NaN	NaN	NaN	NaN
2026-06-01	NaN	NaN	NaN	NaN	NaN
2026-07-01	NaN	NaN	NaN	NaN	NaN
2026-08-01	NaN	NaN	NaN	NaN	NaN
2026-09-01	NaN	NaN	NaN	NaN	NaN
2026-10-01	NaN	NaN	NaN	NaN	NaN
2026-11-01	NaN	NaN	NaN	NaN	NaN
2026-12-01	NaN	NaN	NaN	NaN	NaN
