_date_	fexp1	fexp2	fexp3	fexp4	fexp5
1995-01-01	NA	NA	NA	NA	NA
1995-02-01	NA	NA	NA	NA	NA
1995-03-01	NA	NA	NA	NA	NA
1995-04-01	NA	NA	NA	NA	NA
1995-05-01	NA	NA	NA	NA	NA
1995-06-01	NA	NA	NA	NA	NA
1995-07-01	NA	NA	NA	NA	NA
1995-08-01	NA	NA	NA	NA	NA
1995-09-01	NA	NA	NA	NA	NA
1995-10-01	NA	NA	NA	NA	NA
1995-11-01	NA	NA	NA	NA	NA
1995-12-01	NA	NA	NA	NA	NA
1996-01-01	NA	NA	NA	NA	NA
1996-02-01	NA	NA	NA	NA	NA
1996-03-01	NA	NA	NA	NA	NA
1996-04-01	NA	NA	NA	NA	NA
1996-05-01	NA	NA	NA	NA	NA
1996-06-01	NA	NA	NA	NA	NA
1996-07-01	NA	NA	NA	NA	NA
1996-08-01	NA	NA	NA	NA	NA
1996-09-01	NA	NA	NA	NA	NA
1996-10-01	NA	NA	NA	NA	NA
1996-11-01	NA	NA	NA	NA	NA
1996-12-01	NA	NA	NA	NA	NA
1997-01-01	NA	NA	NA	NA	NA
1997-02-01	NA	NA	NA	NA	NA
1997-03-01	NA	NA	NA	NA	NA
1997-04-01	NA	NA	NA	NA	NA
1997-05-01	NA	NA	NA	NA	NA
1997-06-01	NA	NA	NA	NA	NA
1997-07-01	NA	NA	NA	NA	NA
1997-08-01	NA	NA	NA	NA	NA
1997-09-01	NA	NA	NA	NA	NA
1997-10-01	NA	NA	NA	NA	NA
1997-11-01	NA	NA	NA	NA	NA
1997-12-01	NA	NA	NA	NA	NA
1998-01-01	NA	NA	NA	NA	NA
1998-02-01	NA	NA	NA	NA	NA
1998-03-01	NA	NA	NA	NA	NA
1998-04-01	NA	NA	NA	NA	NA
1998-05-01	NA	NA	NA	NA	NA
1998-06-01	NA	NA	NA	NA	NA
1998-07-01	NA	NA	NA	NA	NA
1998-08-01	NA	NA	NA	NA	NA
1998-09-01	NA	NA	NA	NA	NA
1998-10-01	NA	NA	NA	NA	NA
1998-11-01	NA	NA	NA	NA	NA
1998-12-01	NA	NA	NA	NA	NA
1999-01-01	NA	NA	NA	NA	NA
1999-02-01	NA	NA	NA	NA	NA
1999-03-01	NA	NA	NA	NA	NA
1999-04-01	NA	NA	NA	NA	NA
1999-05-01	NA	NA	NA	NA	NA
1999-06-01	NA	NA	NA	NA	NA
1999-07-01	NA	NA	NA	NA	NA
1999-08-01	NA	NA	NA	NA	NA
1999-09-01	NA	NA	NA	NA	NA
1999-10-01	NA	NA	NA	NA	NA
1999-11-01	NA	NA	NA	NA	NA
1999-12-01	NA	NA	NA	NA	NA
2000-01-01	NA	NA	NA	NA	NA
2000-02-01	NA	NA	NA	NA	NA
2000-03-01	NA	NA	NA	NA	NA
2000-04-01	NA	NA	NA	NA	NA
2000-05-01	NA	NA	NA	NA	NA
2000-06-01	NA	NA	NA	NA	NA
2000-07-01	NA	NA	NA	NA	NA
2000-08-01	NA	NA	NA	NA	NA
2000-09-01	NA	NA	NA	NA	NA
2000-10-01	NA	NA	NA	NA	NA
2000-11-01	NA	NA	NA	NA	NA
2000-12-01	NA	NA	NA	NA	NA
2001-01-01	NA	NA	NA	NA	NA
2001-02-01	NA	NA	NA	NA	NA
2001-03-01	NA	NA	NA	NA	NA
2001-04-01	NA	NA	NA	NA	NA
2001-05-01	NA	NA	NA	NA	NA
2001-06-01	NA	NA	NA	NA	NA
2001-07-01	NA	NA	NA	NA	NA
2001-08-01	NA	NA	NA	NA	NA
2001-09-01	NA	NA	NA	NA	NA
2001-10-01	NA	NA	NA	NA	NA
2001-11-01	NA	NA	NA	NA	NA
2001-12-01	NA	NA	NA	NA	NA
2002-01-01	NA	NA	NA	NA	NA
2002-02-01	NA	NA	NA	NA	NA
2002-03-01	NA	NA	NA	NA	NA
2002-04-01	NA	NA	NA	NA	NA
2002-05-01	NA	NA	NA	NA	NA
2002-06-01	NA	NA	NA	NA	NA
2002-07-01	NA	NA	NA	NA	NA
2002-08-01	NA	NA	NA	NA	NA
2002-09-01	NA	NA	NA	NA	NA
2002-10-01	NA	NA	NA	NA	NA
2002-11-01	NA	NA	NA	NA	NA
2002-12-01	NA	NA	NA	NA	NA
2003-01-01	NA	NA	NA	NA	NA
2003-02-01	NA	NA	NA	NA	NA
2003-03-01	NA	NA	NA	NA	NA
2003-04-01	NA	NA	NA	NA	NA
2003-05-01	NA	NA	NA	NA	NA
2003-06-01	NA	NA	NA	NA	NA
2003-07-01	NA	NA	NA	NA	NA
2003-08-01	NA	NA	NA	NA	NA
2003-09-01	NA	NA	NA	NA	NA
2003-10-01	NA	NA	NA	NA	NA
2003-11-01	NA	NA	NA	NA	NA
2003-12-01	NA	NA	NA	NA	NA
2004-01-01	NA	NA	NA	NA	NA
2004-02-01	NA	NA	NA	NA	NA
2004-03-01	NA	NA	NA	NA	NA
2004-04-01	NA	NA	NA	NA	NA
2004-05-01	NA	NA	NA	NA	NA
2004-06-01	NA	NA	NA	NA	NA
2004-07-01	NA	NA	NA	NA	NA
2004-08-01	NA	NA	NA	NA	NA
2004-09-01	NA	NA	NA	NA	NA
2004-10-01	NA	NA	NA	NA	NA
2004-11-01	NA	NA	NA	NA	NA
2004-12-01	NA	NA	NA	NA	NA
2005-01-01	NA	NA	NA	NA	NA
2005-02-01	NA	NA	NA	NA	NA
2005-03-01	-0.1262299281817082	-0.38535202321248904	-0.3584127202766506	-0.13193025348474804	-0.44923276598484984
2005-04-01	-0.12908416681002938	0.033164085365920504	-0.061717331256347096	0.54033995825284696	-0.38175730253289032
2005-05-01	-0.1362683166365114	-0.031918210315491136	-0.080847829382131648	-0.084150945906939232	-0.60674195083474344
2005-06-01	-0.12831183783108712	-0.05060459931992792	0.35155414609832512	-0.35733337724839932	-0.68853427419833704
2005-07-01	-0.37801544722599352	-0.4321785521195744	-0.27671423792126808	-0.5646579880226492	-1.1005302965320088
2005-08-01	-0.36900792356991584	-0.27291538817317968	-0.2167239328402478	0.20287262018848444	-1.334888318252055
2005-09-01	-0.21556452433401228	0.2175077343274798	-0.27016650088180328	0.10733861576017658	-1.4969699187283204
2005-10-01	-0.19081302195191936	-0.30435807896420368	0.045776032224449912	-0.96882042350427888	-1.0827157953583006
2005-11-01	-0.10974319232736174	-0.23439770088554856	0.007881309941987296	0.13475057809920172	-1.004661988481535
2005-12-01	-0.29544388864488676	-0.08407301799855704	-0.398207155651336	-0.18688616942441624	-1.0112653862393738
2006-01-01	0.047909191533094704	0.24629730767807812	0.43019470436508208	0.32154827972760268	-1.263346211655924
2006-02-01	0.15489940541426008	0.75034396246200944	0.65811401118098088	-0.16018650204490958	-1.4831400308660156
2006-03-01	0.53673694729600728	0.96059142308044864	1.3987351306357698	-0.21717789694934576	-1.3310759652088722
2006-04-01	0.44854765013256928	0.09681679097529784	0.79395178894016576	-1.4900931200182678	-1.273671121816983
2006-05-01	0.54397028624770448	0.25466850753619092	0.7562129696270128	0.40920692553513208	-1.1982432776029406
2006-06-01	0.58110197657272	0.573246047444992	0.11136521067883024	0.23007259701264168	-1.0489328149453304
2006-07-01	0.71660034691134064	0.033155555827711016	0.92365581064481984	-0.61807518261552688	-0.34345845967631284
2006-08-01	0.54197736766097496	0.20120474335275116	0.70222769937853032	0.41022302131900304	-0.47907485482263184
2006-09-01	0.28898075367859304	0.12223382336611074	0.12754554685956404	-0.34781881949643772	-0.1814274676277484
2006-10-01	0.55077926969576888	0.46699812995199872	0.76025506052062704	0.54539618926800448	-0.42347473191239184
2006-11-01	0.35605901979306632	0.16278712020184646	0.24311129584775432	-0.46719677131438464	-0.034203078177234488
2006-12-01	0.59712837416138552	0.29385818803819464	0.74289205646798928	0.3566524921065264	-0.060013351995980728
2007-01-01	0.50302988653645632	0.48199935530787	0.14439998562893672	0.1985891568137914	0.2459610198960246
2007-02-01	0.6426868235362936	0.048223735323477192	0.5199040801707964	-0.15891987370998382	0.42547476614207488
2007-03-01	0.3823113213163616	-0.13559524607223614	0.16256496651730026	-0.066778306651345624	0.10233129171580282
2007-04-01	0.16924072834567278	-0.06309127232366324	0.034283222238485804	0.18363925785161428	-0.20475331041499452
2007-05-01	0.0026767546437279544	-0.19543745461370868	0.004207597667473636	-0.1983239582725324	-0.20734649497336268
2007-06-01	0.034056238744755428	-0.01421939393137957	-0.04016256059509672	0.13450576792561166	-0.00037131923448579896
2007-07-01	0.26743612559743092	0.55190792413702176	0.029140990126561796	0.57104664110432632	-0.17376505811693024
2007-08-01	0.61401753390924384	0.56724457338466384	0.4970626711220212	-0.039114649242479184	-0.028806381277025048
2007-09-01	0.65727530438069184	0.24169271719215828	0.88329616634812752	-0.26285720567036824	0.0089322881179529232
2007-10-01	0.53547719188207864	0.3649966259260456	0.67291320272104904	0.280780272242667	-0.027009242957670212
2007-11-01	0.54797940935896936	0.62160500691674192	0.66678730993753208	0.061446042912269808	-0.3298698825260364
2007-12-01	0.30959593200361556	-0.256960126754584	0.56798159316863136	-0.98577967817919168	-0.2278360499924736
2008-01-01	0.14789308078005514	-0.15913155129098864	0.3498493056973494	0.4071438461738676	-0.5645377230932336
2008-02-01	0.2477963483226158	0.69392252289782848	-0.14213746214450534	0.61664885440513128	-0.44904762838908912
2008-03-01	0.46177690477279264	-0.039134882809186488	0.35809895970208604	-0.7423728046563512	0.13277792648866374
2008-04-01	0.6437839426694384	0.6350555714086592	1.0000634451603884	1.2802606657789732	0.074242609731129008
2008-05-01	0.3221426050788294	0.53998154635463184	0.28875258082027148	-0.74362703824133088	0.34752219052955528
2008-06-01	0.049857110357536296	-0.79555238658272448	0.66393397266747752	-1.209643016905288	0.87287983044303056
2008-07-01	-0.527184170404118	-0.2663294844004014	-0.5070344638658972	0.89652211419287824	0.40332836018716432
2008-08-01	-0.68476737905537192	-0.18689866292826048	-1.0071467591768084	-0.3767324880204824	0.9356682269240384
2008-09-01	-0.37888295830965736	0.067300386575440952	0.18998045852621608	0.4035063158940848	0.39491994848586952
2008-10-01	-0.96294355120787136	-0.57807379039861248	-0.58276543776007968	-1.0467080803648196	0.60559135958999008
2008-11-01	-1.8984146119272184	-2.1957669180726924	-0.92291888127459792	-1.7869597589677158	0.63690315823144904
2008-12-01	-3.2131301673809024	-2.4759523691550976	-2.6318700520028084	-0.30786590133021096	0.13335007683845882
2009-01-01	-4.4386752711809672	-3.3938722102759204	-4.3154896131336928	-1.5861647486612062	0.30125215956424924
2009-02-01	-5.3342684434980744	-4.2257238704547248	-4.896487492836156	-0.96688711306593952	0.1160713859438441
2009-03-01	-5.855945587416152	-3.2611961862219316	-5.9521922008240328	0.59016826063123832	0.041746710179740784
2009-04-01	-5.67629611298204	-3.2251526493407668	-6.176771906342424	-1.1202684938108036	0.14974966893239116
2009-05-01	-5.29822261214416	-3.4723972563460472	-5.3676460850838656	-0.47388056914888424	0.042519293127958016
2009-06-01	-4.9767714056551912	-2.4526124044720096	-5.3183672669434136	0.72902309875206432	-0.83051778929731616
2009-07-01	-4.3866041263929424	-2.0671921373489584	-4.4467626070622208	-0.65648315687300592	-0.29648586748389012
2009-08-01	-3.8738885315783904	-2.1925743490769936	-3.6007281590943228	-0.478616375485332	-0.093903781379883808
2009-09-01	-3.8178838110482504	-2.3117553184778324	-4.1014876608659616	-0.36832389993804576	0.75507969368190064
2009-10-01	-3.2193249763116444	-1.5036891429912044	-3.6015216868998668	0.73889810660814944	0.79378143771871744
2009-11-01	-2.2780603969828288	-0.34468661700561648	-2.9425265133141908	0.98690775940366288	1.0310501379432206
2009-12-01	-0.83039845112877936	0.62665544086251016	-1.2277668503258922	0.97127451066997648	1.4036688039719014
2010-01-01	0.25520310761057464	1.1205447953056998	0.11864199351086624	0.56245824440043024	1.6469276079704744
2010-02-01	1.159421060012755	1.5064001635808064	1.3369120439144882	0.73817058279371664	1.6917310671749822
2010-03-01	1.9401704649113296	2.3051853939049768	2.0805572209017308	0.9780116048141712	1.4729231461121884
2010-04-01	2.1937625667320636	1.7522097037136472	2.7359118966324292	-0.10808630353541454	2.323085227038402
2010-05-01	2.5311312620588936	1.9982174471029736	3.1039458489440408	1.1406157934559864	2.2109304895897924
2010-06-01	2.3110985095458436	2.0752523398402256	2.44883756023326	0.042309642424412336	2.097695084020256
2010-07-01	2.4216837634631956	1.3172372515862168	2.8532928624864496	-0.042952118801064904	1.1856202515623478
2010-08-01	2.1548575343279732	1.6081546167348674	2.4066223435316948	0.570920664489016	0.52270358728627384
2010-09-01	1.9767504821198264	1.3110417817264242	2.2637692484096452	-0.3411365317260008	0.14894095646648656
2010-10-01	1.926612603536394	1.1073144383886838	2.3963186184668916	-0.01626151916025163	-0.1366539998251645
2010-11-01	1.859738624953788	1.6544763272515594	2.2025875391594644	0.5587002459594608	-0.44341893621821776
2010-12-01	1.8347809346966968	1.3672800418923614	2.523172113188986	-0.29407948451695316	-0.21635718768255964
2011-01-01	2.1528852664131724	2.0446358249526716	3.041199136747408	0.70427956890466744	-0.48136398046329296
2011-02-01	2.0944965662493608	1.9914224413653188	2.6457978823856916	-0.5655701296087692	-0.37335745053801248
2011-03-01	2.0993514511532408	1.0129389867225458	3.0187581610807272	-0.63073005578088992	-0.33816584791671844
2011-04-01	1.7158673171230838	1.0436506984102316	1.9036564702333832	-0.19921827523093616	-1.0390425221215812
2011-05-01	1.4339583617090006	0.7808584860127256	1.5661995175827096	-0.43496101905519584	-0.99844229702896336
2011-06-01	1.2809892638061476	0.32692701506953596	1.4170815213559334	-0.25176739073174992	-0.9568503687425352
2011-07-01	1.0211243453641132	0.60198786219967792	1.0920875796715454	0.0032071309416992732	-0.38228019945949512
2011-08-01	1.111495975472356	0.97807545086699584	1.1583710547997172	0.33533591114013744	-0.51994062053851872
2011-09-01	1.2165787171950154	0.85181790599231328	1.3248309350094238	-0.41758403515267992	-0.13327149863715954
2011-10-01	1.0424901956396016	0.37594537265815256	1.3306899075498144	-0.502805767651024	-0.10091084515383756
2011-11-01	0.63285261469475472	0.20642968648500256	0.8866408003218712	-0.095788286417172016	-0.2176780006561506
2011-12-01	0.26772084932181016	0.03751096367412268	0.5167399058946748	-0.47872713333260016	-0.4263762541121208
2012-01-01	-0.095647927517240752	-0.2845396651438278	0.28235042811106352	-0.52530535580537376	-0.49299433689254232
2012-02-01	-0.43821989606152592	-0.4409857333338468	-0.18610008896963	-0.18674013970843764	-0.48988117042359328
2012-03-01	-0.73813945937350528	-0.50788858773262632	-0.45672776627032648	-0.31112962052247516	-0.50414200112793784
2012-04-01	-0.9646987271236536	-0.63214005971269592	-0.53015843205633352	-0.20629709369204224	-0.38510855548662872
2012-05-01	-0.96255311228601808	-0.23033622309870408	-0.66757304192337216	0.18439731220413208	-0.52167043528704304
2012-06-01	-0.6751772629838796	0.17472026798433738	-0.54200721382021456	-0.02325928196549246	-0.31604050880508972
2012-07-01	-0.34948669165851264	0.037008087405195984	-0.15050257358700444	-0.24923708883513516	-0.3363000411078884
2012-08-01	-0.13955888069402886	0.15689944829540684	0.082278871235378992	0.037029144211405872	-0.1236973736380609
2012-09-01	-0.2479719923469998	-0.22128503198322852	-0.1642629936148493	-0.61937332258338072	-0.080418404624162192
2012-10-01	-0.24863871347308632	-0.11468897133295262	0.1156622805795971	0.27611367240734848	-0.21129859853845172
2012-11-01	-0.561512265911702	-0.28896549877360444	-0.35808683360368892	-0.50382330019703216	-0.292959406198239
2012-12-01	-0.59841925706625872	-0.3802728806071056	-0.041038923242012328	-0.2229017196312384	-0.40834852278268448
2013-01-01	-0.6990533811565832	-0.036340795010454792	-0.45111126741533992	0.17539989941364136	-0.48579895353247128
2013-02-01	-0.54850216713822904	0.03368856038174968	-0.14544068687033854	-0.24540505331971744	-0.5026783703598988
2013-03-01	-0.349581748850866	0.096890839790125056	0.0095013134666982752	-0.26114619511431304	-0.53831518334637632
2013-04-01	0.079058050872971616	0.87912475080525728	0.3223405667635272	0.5741231325892916	-0.5973401650951604
2013-05-01	0.43347696887119888	0.69752187570821656	0.53683727148487624	-0.6182802722657328	-0.4724879611405992
2013-06-01	0.61358350248307104	0.32060780403945716	1.1612454169995666	-0.4945068012007104	-0.57263863705433152
2013-07-01	0.092078758269312576	-0.22055742227451312	0.35411713446384356	-0.74682551965962576	-0.72273333689111968
2013-08-01	-0.12094704464291916	-0.30847882333078792	0.15120559984966686	-0.22269699452129084	-0.91873025802762944
2013-09-01	-0.19232627638416296	0.2061374539643936	-0.19149019047912412	0.21198199883908876	-1.0067083941556998
2013-10-01	0.042470932829323232	0.099016631018835424	-0.023073381395921228	-0.44500464708488232	-0.67694840925766152
2013-11-01	0.11648409883308096	-0.2872894286764296	-0.047813876265329752	-0.384813572984858	-0.12808036916217102
2013-12-01	0.14885900569672444	-0.11983182569860926	-0.44924726359514384	0.40224792146868296	0.0080886176566490304
2014-01-01	0.32939194070108656	0.10557383976291584	-0.36248255068704264	0.25041886709124328	0.062357031810429776
2014-02-01	0.56882803229778944	0.14784664301304428	0.15690980310953324	0.17161546399096908	0.10050934507341288
2014-03-01	0.38925716418836096	-0.22983202578286112	0.14241444159618378	-0.17847621262990828	0.5013427431175644
2014-04-01	0.17308149684674646	-0.45758765853125168	-0.2177809056614532	-0.06846725549243796	0.33297277913541896
2014-05-01	-0.034520166583997148	-0.35458732125023184	-0.59256574033216712	0.25753550177108188	0.37277648110546896
2014-06-01	-0.058029034662808208	-0.3814981465685032	-0.55804236005240168	0.35424187188582924	0.13070097007258418
2014-07-01	0.24426936310544944	0.42531975772457184	-0.0020544245284368488	0.9054954553161088	0.21018903887443688
2014-08-01	0.3336463037216964	0.2206953409511252	0.027052226818328204	-0.39115159728449112	0.42984476306979904
2014-09-01	0.673742320492046	0.36408089827382648	0.73618055632645216	0.60727883257925456	0.34725599418991092
2014-10-01	0.56818478938887816	0.52412998251793088	0.28569351512976092	0.15962751830185042	0.27566059783831924
2014-11-01	0.75530320697600032	0.3982173605769	0.9944888040598528	0.022154391185053428	0.14296552349427788
2014-12-01	0.59878085039144856	0.48730745557029728	0.85879871198724992	0.1498266999879777	-0.12045101453501856
2015-01-01	0.27867319461293216	-0.13065451472061924	0.60493464716469832	-0.672536653028312	-0.12768595615712386
2015-02-01	0.14090543293254804	-0.060730865618781184	0.34103451176878652	0.30247219490601356	-0.23640719855675292
2015-03-01	0.36684893855600656	0.9545393716819784	0.26148132069098624	0.94063486484515472	-0.6056149260149376
2015-04-01	0.806060566145328	0.84723883096899232	1.0806243358060796	-0.21687477850832156	-0.31324597098025864
2015-05-01	0.83356758603529984	0.26275173556491148	1.3844037851276912	-0.4690140775252776	-0.30750780016788732
2015-06-01	0.62230544795225472	0.5019585329809164	0.8347010282563648	0.44727405949676328	-0.18336829792815804
2015-07-01	0.71075809028631264	0.7219388464517376	0.72499703216833904	0.27930796048464524	-0.21009480720703068
2015-08-01	0.64120476436278416	0.12139195023371372	0.89329900338913696	-0.52716338894517456	0.233313722939102
2015-09-01	0.4358726966113732	0.0610954943735406	0.61617070796760584	0.31172990405263972	0.13809863585618804
2015-10-01	0.24673934600597728	0.14140718320777588	-0.0093486744779240352	0.062838480776140128	0.23500121443907272
2015-11-01	0.50114655119319592	0.34345568821582372	0.35291270071987156	0.45889283866572088	-0.01909764671353658
2015-12-01	0.60615763867001912	0.38578157554450976	0.29011219138431816	0.087385968354788128	-0.050852256191404616
2016-01-01	0.7653671877172176	0.25797311774721548	0.57341182794639536	0.043479563601993728	0.21517336553749956
2016-02-01	0.76982546787356096	0.25246316827622288	0.31320132603240092	0.2077717468529864	0.44208255963707376
2016-03-01	0.56719996655746296	-0.32018524643388812	-0.080684454120528272	-0.34349405113070152	0.67036443364105224
2016-04-01	0.57991714197362872	-0.021340231210567504	-0.055627418630928488	0.77603819139281376	0.56604881597770192
2016-05-01	0.58574931742495136	0.42187254049639064	-0.1458166409477591	0.35917526901728108	0.44461257397245904
2016-06-01	0.74871071765961776	0.058910180197207168	0.4514071988608404	-0.32367967719017044	0.52424253107927384
2016-07-01	0.26759787305441696	-0.77452719429020736	-0.15653264217795446	-0.7015505267887844	0.496213176639782
2016-08-01	0.22176792123742792	-0.062310336756431128	-0.38853332183839488	1.2000826145215678	0.27000399230341276
2016-09-01	0.2295056827937008	0.05910769772922952	-0.7537637094792296	-0.0080084937561813888	0.73931089866604912
2016-10-01	0.56178149578157832	-0.29135893577770984	0.0034893691086987368	0.062689814501599744	1.0376907950949062
2016-11-01	0.52085436054180408	0.25084087288654024	-0.33136188270813288	0.86462482312186544	0.81566573604444016
2016-12-01	0.737004705934996	0.24414848779282976	-0.05566146434872608	0.052506226486184248	0.8030913818498288
2017-01-01	1.1744595805856954	0.87537109035310336	0.87926191599963248	0.84897649694025248	0.28993551441289028
2017-02-01	1.1688150019627044	0.7915616196460416	0.87443049876718576	-0.21875388962228152	0.19838012482254184
2017-03-01	1.4123380310398082	0.91636089810920704	1.7965273359382056	0.327924412570008	0.24409935780811788
2017-04-01	1.0053300794104462	0.33213679332641944	0.71875684083226224	-0.87886578332861136	0.51505118867696976
2017-05-01	1.1572054702896742	0.4941685079855452	0.9069299779464232	0.67624621654254816	0.60891734288697032
2017-06-01	1.0561004288575174	0.66349843611604288	0.19630467885322332	0.26153244916202968	0.6738037793583764
2017-07-01	1.243160735174498	0.30555980816236512	0.94414348641404976	-0.076727447880264544	1.1599948276013106
2017-08-01	1.0771341764916196	0.49441327828035744	0.7008424051463952	0.62909390137527568	1.2562754612303288
2017-09-01	1.1173247218158276	0.74397143646850336	0.64622664268921528	0.3850890021382428	1.176125693395556
2017-10-01	1.1957054734712472	0.695567670091358	1.0741318234023278	0.23134420515628344	1.0935233736429168
2017-11-01	1.066940960154498	0.50123731748771936	0.9817927466745336	0.068880668486241232	0.84756637262387536
2017-12-01	0.74981879309579408	0.26280001676656444	0.84887282586604704	-0.12094729250025144	0.82277206789261472
2018-01-01	0.56760347608913272	0.26944711403230696	0.53438583561355224	0.2290176091002144	0.79952441830316752
2018-02-01	0.38611936537090744	0.19346325222377424	0.30030892826123324	-0.049296350492198992	0.83959288296371328
2018-03-01	0.32337258110393592	-0.19713975531393672	0.015539667473909932	-0.068458367975534384	0.92194443223664672
2018-04-01	0.22467698725226344	0.16089173707091108	0.084269020983839712	0.82432241050785728	0.7530585826560952
2018-05-01	0.15496550227158574	0.033963341511349076	-0.036248172793862472	0.016812894213725344	0.84254206521505984
2018-06-01	0.080374934311644224	-0.15222542697153652	0.26467768313064364	-0.021324704640366808	0.85513670530754544
2018-07-01	0.0040327612703550672	0.24769008898544684	-0.00058440436676723832	0.7297614449323104	0.43732456180998688
2018-08-01	0.02056600575440166	0.27022539103161664	0.2034503894481942	-0.070666703368945064	0.25644702934756016
2018-09-01	-0.1618497255777667	-0.46848777654748744	0.20031307802203844	-0.72755507340246608	0.43251804864023704
2018-10-01	-0.280003895482126	-0.05541775372830256	-0.26599711958252036	0.65923118946465688	0.092929173788671664
2018-11-01	-0.34775330099948896	-0.1694088960274065	-0.7739490001453448	-0.22425107064255036	0.42731930074006928
2018-12-01	-0.17529853615958508	-0.58849292338910032	-0.35547780454944288	-0.11392512872083226	0.46607661604493056
2019-01-01	-0.42332443447869104	-0.54489139825422336	-0.92018221542643584	0.25520915794084196	0.36882609114032296
2019-02-01	-0.33428212224341224	-0.3702507866734104	-0.77340444072548192	0.42824019335027088	0.30436151732677848
2019-03-01	-0.3089767170918948	-0.3219899526762486	-0.61095246516969928	0.10380593710804788	0.40156473925422928
2019-04-01	-0.15155501121530184	-0.16312288187624662	-0.4462097351908688	0.29844454197653388	0.22024874820978164
2019-05-01	-0.12731183229241832	0.04905925628480592	-0.20412797922803084	0.25163050663387088	0.07681819268994024
2019-06-01	-0.1078153746475496	-0.11605304960123926	0.058339103191409488	-0.21989389257495552	-0.19550723258171864
2019-07-01	-0.20857426830304392	-0.036074008925864448	0.15288107161945996	-0.073347343799242896	-0.070095209649775488
2019-08-01	-0.40654450657395832	-0.42286945270578368	-0.33696542407664564	-0.39953370399262232	0.030760283445856436
2019-09-01	-0.30745944259786544	-0.051436350998011192	-0.18036427298423608	0.61538503332387448	0.048104454713748992
2019-10-01	-0.32236216689480112	0.063299185108224288	-0.35963463937704532	0.030957322058098516	0.15510854612078006
2019-11-01	-0.13603801270774274	-0.14109282795541566	0.040050672630715392	-0.08225818707257328	0.55188889562767752
2019-12-01	-0.18480978581732972	0.056589711316300752	-0.22915259515983204	0.36299572583860888	0.64640920892464128
2020-01-01	-0.16685327350336282	-0.062534746399626016	-0.26902750772934336	0.019922992535449696	0.89640844565984304
2020-02-01	-0.15173025009671446	-0.10207882127959086	-0.10269986069397864	0.010678438489503824	0.62524140247518
2020-03-01	-2.9486237931152872	-3.4048829854275412	0.46568212045447208	-2.6449478824487228	0.40043331821907872
2020-04-01	-14.10687647093	-13.163396173905646	5.8770129283000744	-5.0704090101960088	0.83940270880335184
2020-05-01	-26.252885707283704	-9.9828132039339008	5.431041185999732	4.6859854735993496	-0.43624652669289712
2020-06-01	-30.775290940163356	5.0873036783018712	-1.025626937931257	2.9224171971037424	-1.5810187609138716
2020-07-01	-22.549022597672044	9.6493438694054784	-3.2097419957891872	-2.304291652205506	-1.1053425420822984
2020-08-01	-14.297422615107144	4.8978794157298512	-1.3728106666853896	-4.3142474778256912	-1.0687197171160878
2020-09-01	-11.075723861094966	0.13026439020851	1.1091383048774332	-0.96340995799067248	-0.9273123572448664
2020-10-01	-11.572283073715616	0.53116857954004208	1.847547345499488	-0.57502141292239328	-0.18277942185132196
2020-11-01	-12.109447756404972	1.6850660005289124	2.6035100138127696	-1.2601827209792488	0.07401319954845376
2020-12-01	-11.57401711138263	2.3660471795877092	2.2941311882510816	-0.89056845929805744	-0.24741286041961064
2021-01-01	-11.852145662663202	1.0680489005461562	2.3880021334858796	-2.639090818573532	-0.16380481169220718
2021-02-01	-12.540279786181858	0.23179696752421712	3.0135628181435688	-0.46707089303488672	0.16320078743396846
2021-03-01	-10.47175043213983	5.5240286235665872	1.5935166071068996	2.6871129232103672	0.23664060483213984
2021-04-01	1.0223041755179212	15.619370567204908	-3.1133393644041004	3.408753128223694	0.29406457661619884
2021-05-01	14.08134194548523	12.053187060276138	-3.3066046508024648	-6.1361570366341736	1.322094840007126
2021-06-01	19.976329538731032	-2.2852197360135604	1.7105253029036686	-3.748275244836028	2.392597062245804
2021-07-01	14.08328235712787	-7.3338352227707232	2.6997023509766044	0.94564916676087472	1.633683926763331
2021-08-01	8.046257954514584	-3.3518044500312564	1.1436352161396162	3.3637478330398048	1.2161755824544406
2021-09-01	6.2636865810639992	1.0062459047618008	-1.1602170273304672	0.80017049628217072	0.46120105409523552
2021-10-01	7.7596911140914464	0.2540245043584094	-1.636390511653919	-0.48150474769036552	-0.37414530313281328
2021-11-01	9.2281741277659984	-0.64649651609006632	-2.1105484651973332	1.0506977756410252	-1.022537421209577
2021-12-01	9.2630182184786912	-1.4870069536792318	-1.800910246572589	0.57514073723266	-0.86000780723726352
2022-01-01	9.5438278811294592	-1.0955272918165046	-1.0544838121294186	1.6152082676918014	-1.0396882991119734
2022-02-01	10.09788983905131	0.26927594937402644	-1.993082201168718	0.49085011712496112	-1.6981963715696228
2022-03-01	10.685320761187398	-1.4913116344479296	-1.918197467941566	-0.95835396427878288	-2.007565276980186
2022-04-01	10.970975069115162	-2.264198346368588	-2.3519826229323284	0.95731906304391072	-2.8553312629447524
2022-05-01	10.347515249219648	-1.686068574552835	-2.100105502559508	1.0882909699564726	-2.9620376048052752
2022-06-01	9.1597146977818256	-2.5047103933850396	0.073970186981051344	0.69393886621809864	-2.839249528496848
2022-07-01	6.9008202493146088	-2.1666483503156352	1.2009201706704772	0.57999997795256328	-2.6723508873948356
2022-08-01	4.9028548096002408	-0.5420208975356564	1.218114470029505	0.8541006560188504	-2.7306924288268432
2022-09-01	3.8021359579662488	-0.17001391350272508	1.0991058102028452	-0.41574152582049448	-2.6632863938212248
2022-10-01	2.8702871742634292	-0.70202894473095712	1.2758966887536152	-0.77062665929505888	-2.4017208119639908
2022-11-01	1.8879868920544932	-0.49746117720346112	0.70694162367376024	0.14829571596773034	-2.6881940858606988
2022-12-01	1.4776898574360998	0.091744651931417184	0.33295971161041688	-0.22730829811753348	-2.5594271383478332
2023-01-01	1.7607046508482734	0.34167751503581584	0.23331662379155384	-0.39747711479023768	-2.3230610029703924
2023-02-01	1.7177041274071002	-0.40585944740385368	0.01233373634358087	-0.62892102108381576	-1.6046393755762644
2023-03-01	1.7952575985894196	-0.029524356800514988	0.3629496439607344	0.94791857964846608	-1.277023929875265
2023-04-01	1.0077252735448032	-0.74976337861832272	-0.15537175570994308	-1.1724998537166708	-0.29131192279958612
2023-05-01	0.41007806708279448	-1.5259737191989982	-0.18115233506418436	-0.18004718989078556	0.032402951706585732
2023-06-01	-0.14965991666762516	-0.82234173278556528	-2.060566434763398	0.63921466771589032	0.04885929918797332
2023-07-01	-0.14533722966834308	-1.0865511776868002	-1.750972071097783	-0.0034833636664890096	0.4050624383090088
2023-08-01	-0.32233445990876364	-1.8114862951833952	-1.6608243971710134	0.064961972733969752	0.73754206768151568
2023-09-01	-0.75424579575938672	-1.510228517055268	-2.2754919556120252	0.45551738711497928	1.1206434062984468
2023-10-01	-0.69405986885030688	-1.1381397597304918	-2.551674438353342	0.89335387125602096	1.0158283458879052
2023-11-01	-0.41352241310265352	-1.0723183217234992	-2.2593061789135504	0.42607726553947792	1.173340661210749
2023-12-01	-0.2995474398441094	-1.3578416633467986	-2.2160158898602004	0.12838619228340134	1.3721335188446008
2024-01-01	-0.1790764181950778	-1.0741757778912322	-2.1579013898108972	0.99430750108812112	1.5017230791774354
2024-02-01	-0.012979445013115098	-0.76614778085195568	-2.0447998936974208	0.7379382717786656	1.5643892349285884
2024-03-01	-0.14115572809349052	-1.7117921032949952	-1.947467945701162	-0.6563775297061448	1.706700030234483
2024-04-01	-0.046567879196079488	-0.65448045207920736	-1.4810631405986996	2.0975360465509832	0.87289398407928272
2024-05-01	0.11082006643508862	0.046541755542321648	-1.6867509354650978	0.52754566785752864	1.1573691149992886
2024-06-01	0.63256652868233872	-0.45776815882328064	-0.18329046381390468	-0.21729211806246448	1.6420453844387884
2024-07-01	0.54159224552978744	-0.070888660803948208	-0.5357358822640568	1.113824787557599	1.528494039354858
2024-08-01	0.56635276075592136	0.043042123877838128	-0.5043077130113728	0.32433223827906932	1.529098860751348
2024-09-01	0.63300377197949312	-0.13881019352206756	0.07616031771924344	0.17142981071644142	1.2794612799057774
2024-10-01	0.64417097765613408	0.29702302542101816	-0.10047972422621046	0.77960142136055872	1.0990214718364388
2024-11-01	0.5180377443645792	-0.21488295872808756	-0.26303075432442636	-0.38771413629345776	1.326017704669367
2024-12-01	NA	NA	NA	NA	NA
2025-01-01	NA	NA	NA	NA	NA
2025-02-01	NA	NA	NA	NA	NA
2025-03-01	NA	NA	NA	NA	NA
2025-04-01	NA	NA	NA	NA	NA
2025-05-01	NA	NA	NA	NA	NA
2025-06-01	NA	NA	NA	NA	NA
2025-07-01	NA	NA	NA	NA	NA
2025-08-01	NA	NA	NA	NA	NA
2025-09-01	NA	NA	NA	NA	NA
2025-10-01	NA	NA	NA	NA	NA
2025-11-01	NA	NA	NA	NA	NA
2025-12-01	NA	NA	NA	NA	NA
2026-01-01	NA	NA	NA	NA	NA
2026-02-01	NA	NA	NA	NA	NA
2026-03-01	NA	NA	NA	NA	NA
2026-04-01	NA	NA	NA	NA	NA
2026-05-01	NA	NA	NA	NA	NA
2026-06-01	NA	NA	NA	NA	NA
2026-07-01	NA	NA	NA	NA	NA
2026-08-01	NA	NA	NA	NA	NA
2026-09-01	NA	NA	NA	NA	NA
2026-10-01	NA	NA	NA	NA	NA
2026-11-01	NA	NA	NA	NA	NA
2026-12-01	NA	NA	NA	NA	NA
