_date_	fagr1f_h	fagr2f_h	fagr3f_h	fagr4f_h	fagr5f_h	fcon1f_h	fcon2f_h	fcon3f_h	fcon4f_h	fcon5f_h	fcp1f_h	fcp2f_h	fcp3f_h	fcp4f_h	fcp5f_h	fcp6f_h	fcp7f_h	fcpu1f_h	fcpu2f_h	fcpu3f_h	fexp1f_h	fexp2f_h	fexp3f_h	fexp4f_h	fexp5f_h	fimp1f_h	fimp2f_h	fimp3f_h	fimp4f_h	fimpu1f_h	fimpu2f_h	fimpu3f_h	fimpu4f_h	find1f_h	find2f_h	find3f_h	find4f_h	find5f_h	find6f_h	finv1f_h	finv2f_h	finv3f_h	finv4f_h	finv5f_h	fser1f_h	fser2f_h	fser3f_h	fser4f_h	fser5f_h	fser6f_h
1995-01-01	NA	NA	NA	NA	NA	NA	NA	NA	NA	NA	NA	NA	NA	NA	NA	NA	NA	NA	NA	NA	NA	NA	NA	NA	NA	NA	NA	NA	NA	NA	NA	NA	NA	NA	NA	NA	NA	NA	NA	NA	NA	NA	NA	NA	NA	NA	NA	NA	NA	NA
1995-04-01	NA	NA	NA	NA	NA	NA	NA	NA	NA	NA	NA	NA	NA	NA	NA	NA	NA	NA	NA	NA	NA	NA	NA	NA	NA	NA	NA	NA	NA	NA	NA	NA	NA	NA	NA	NA	NA	NA	NA	NA	NA	NA	NA	NA	NA	NA	NA	NA	NA	NA
1995-07-01	NA	NA	NA	NA	NA	NA	NA	NA	NA	NA	NA	NA	NA	NA	NA	NA	NA	NA	NA	NA	NA	NA	NA	NA	NA	NA	NA	NA	NA	NA	NA	NA	NA	NA	NA	NA	NA	NA	NA	NA	NA	NA	NA	NA	NA	NA	NA	NA	NA	NA
1995-10-01	NA	NA	NA	NA	NA	NA	NA	NA	NA	NA	NA	NA	NA	NA	NA	NA	NA	NA	NA	NA	NA	NA	NA	NA	NA	NA	NA	NA	NA	NA	NA	NA	NA	NA	NA	NA	NA	NA	NA	NA	NA	NA	NA	NA	NA	NA	NA	NA	NA	NA
1996-01-01	NA	NA	NA	NA	NA	NA	NA	NA	NA	NA	NA	NA	NA	NA	NA	NA	NA	NA	NA	NA	NA	NA	NA	NA	NA	NA	NA	NA	NA	-0.28378693965043388	0.33333830629847224	-0.30444002363367824	-0.0666511947676416	NA	NA	NA	NA	NA	NA	NA	NA	NA	NA	NA	NA	NA	NA	NA	NA	NA
1996-04-01	NA	NA	NA	NA	NA	NA	NA	NA	NA	NA	NA	NA	NA	NA	NA	NA	NA	NA	NA	NA	NA	NA	NA	NA	NA	NA	NA	NA	NA	-0.063786712199564752	0.49083827021487728	-0.091757771190016144	-0.011643629308665854	NA	NA	NA	NA	NA	NA	NA	NA	NA	NA	NA	NA	NA	NA	NA	NA	NA
1996-07-01	NA	NA	NA	NA	NA	NA	NA	NA	NA	NA	NA	NA	NA	NA	NA	NA	NA	NA	NA	NA	NA	NA	NA	NA	NA	NA	NA	NA	NA	-0.041803702725108824	0.50326169304793968	-0.0017450761404946038	0.016156840023296968	NA	NA	NA	NA	NA	NA	NA	NA	NA	NA	NA	NA	NA	NA	NA	NA	NA
1996-10-01	NA	NA	NA	NA	NA	NA	NA	NA	NA	NA	NA	NA	NA	NA	NA	NA	NA	NA	NA	NA	NA	NA	NA	NA	NA	NA	NA	NA	NA	-0.11038797660592838	0.35506691942643392	0.068595892615400736	-0.016122890597748806	NA	NA	NA	NA	NA	NA	NA	NA	NA	NA	NA	NA	NA	NA	NA	NA	NA
1997-01-01	NA	NA	NA	NA	NA	NA	NA	NA	NA	NA	NA	NA	NA	NA	NA	NA	NA	NA	NA	NA	NA	NA	NA	NA	NA	1.6931194751634094	-0.72009794871782392	0.35070684304974676	0.034444104598559636	-0.20931009744766288	-0.1300868324874064	-0.012002350268515418	0.038277741740701808	NA	NA	NA	NA	NA	NA	NA	NA	NA	NA	NA	NA	NA	NA	NA	NA	NA
1997-04-01	NA	NA	NA	NA	NA	NA	NA	NA	NA	NA	NA	NA	NA	NA	NA	NA	NA	NA	NA	NA	NA	NA	NA	NA	NA	2.0864801051351956	-1.46586090514727	-0.3092122072640444	0.0083908428558502896	0.12432837442260918	0.13127785689710086	-0.087926715187970736	-0.01715752756318675	NA	NA	NA	NA	NA	NA	NA	NA	NA	NA	NA	NA	NA	NA	NA	NA	NA
1997-07-01	NA	NA	NA	NA	NA	NA	NA	NA	NA	NA	NA	NA	NA	NA	NA	NA	NA	NA	NA	NA	NA	NA	NA	NA	NA	2.8579864150432832	-1.1241351039694804	0.24601295432939648	0.36370633576018816	0.079911836642789472	0.32062702586847324	-0.013120011985802044	0.01172780302121194	NA	NA	NA	NA	NA	NA	NA	NA	NA	NA	NA	NA	NA	NA	NA	NA	NA
1997-10-01	NA	NA	NA	NA	NA	NA	NA	NA	NA	NA	NA	NA	NA	NA	NA	NA	NA	NA	NA	NA	NA	NA	NA	NA	NA	3.7195581432435072	-1.967308989566092	-0.44219438661178736	0.10528092391214238	0.057552075202656144	0.37548213345921776	-0.032484429265948468	0.013588297255108748	NA	NA	NA	NA	NA	NA	NA	NA	NA	NA	NA	NA	NA	NA	NA	NA	NA
1998-01-01	NA	NA	NA	NA	NA	NA	NA	NA	NA	NA	NA	NA	NA	NA	NA	NA	NA	NA	NA	NA	NA	NA	NA	NA	NA	3.4409301440967872	-2.141564752573242	-0.58965174151795096	0.14574462799221428	0.11659476028278404	0.4889187220947732	-0.072345349079016736	0.014184808405996276	NA	NA	NA	NA	NA	NA	NA	NA	NA	NA	NA	NA	NA	NA	NA	NA	NA
1998-04-01	NA	NA	NA	NA	NA	NA	NA	NA	NA	NA	NA	NA	NA	NA	NA	NA	NA	NA	NA	NA	NA	NA	NA	NA	NA	3.2397735038073572	-0.77238617143790192	0.30988565906772048	0.95154767729521536	0.068916232410284096	0.69361995580633776	-0.037662417628060304	0.01808515183380044	NA	NA	NA	NA	NA	NA	NA	NA	NA	NA	NA	NA	NA	NA	NA	NA	NA
1998-07-01	NA	NA	NA	NA	NA	NA	NA	NA	NA	NA	NA	NA	NA	NA	NA	NA	NA	NA	NA	NA	NA	NA	NA	NA	NA	3.0893729696166788	-1.2623797271055858	-0.17504238796316806	0.83649900812376944	0.051932308148200816	0.70294657192288144	-0.039773579540057184	0.020477121474136876	NA	NA	NA	NA	NA	NA	NA	NA	NA	NA	NA	NA	NA	NA	NA	NA	NA
1998-10-01	NA	NA	NA	NA	NA	NA	NA	NA	NA	NA	NA	NA	NA	NA	NA	NA	NA	NA	NA	NA	NA	NA	NA	NA	NA	2.138665384635544	-1.2614523149908376	-0.11087023880755796	1.0431858131683682	0.14636277263950346	0.74121392701995344	-0.11236904479891688	0.037463484507121104	NA	NA	NA	NA	NA	NA	NA	NA	NA	NA	NA	NA	NA	NA	NA	NA	NA
1999-01-01	NA	NA	NA	NA	NA	NA	NA	NA	NA	NA	NA	NA	NA	NA	NA	NA	NA	NA	NA	NA	NA	NA	NA	NA	NA	1.8140072120714376	-0.75941064661070864	0.025712265173863292	0.82799534692738944	0.42975415945027584	0.93973585554553744	-0.079019922182463808	0.0015174803548131782	NA	NA	NA	NA	NA	NA	NA	NA	NA	NA	NA	NA	NA	NA	NA	NA	NA
1999-04-01	NA	NA	NA	NA	NA	NA	NA	NA	NA	NA	NA	NA	NA	NA	NA	NA	NA	NA	NA	NA	NA	NA	NA	NA	NA	1.6543304310358762	-1.1309528807452836	-0.42170424612985208	-0.20811110112945628	0.368709395618794	0.65015714949782656	0.044116867239834864	0.033940155559731128	NA	NA	NA	NA	NA	NA	NA	NA	NA	NA	NA	NA	NA	NA	NA	NA	NA
1999-07-01	NA	NA	NA	NA	NA	NA	NA	NA	NA	NA	NA	NA	NA	NA	NA	NA	NA	NA	NA	NA	NA	NA	NA	NA	NA	1.3567889500141436	-0.85478699845647712	-0.59988705143581976	-0.75882203620750752	0.29878208311311232	0.52378200950799568	-0.014805775049309482	0.019870919434264736	NA	NA	NA	NA	NA	NA	NA	NA	NA	NA	NA	NA	NA	NA	NA	NA	NA
1999-10-01	NA	NA	NA	NA	NA	NA	NA	NA	NA	NA	NA	NA	NA	NA	NA	NA	NA	NA	NA	NA	NA	NA	NA	NA	NA	1.9839247910446812	-0.31105345237665892	-0.10431503632808106	-1.0678143560859156	0.27521327583331752	0.51474201665699928	-0.02478539617258494	0.020490591903396416	NA	NA	NA	NA	NA	NA	NA	NA	NA	NA	NA	NA	NA	NA	NA	NA	NA
2000-01-01	NA	NA	NA	NA	NA	NA	NA	NA	NA	NA	NA	NA	NA	NA	NA	NA	NA	NA	NA	NA	NA	NA	NA	NA	NA	2.4433792893112872	-0.39118279143069104	-0.52317503009876096	-1.0929421849011912	0.30340959652495956	0.54625325278423112	-0.05330312660282152	0.020629995545009184	NA	NA	NA	NA	NA	NA	NA	NA	NA	NA	NA	NA	NA	NA	NA	NA	NA
2000-04-01	NA	NA	NA	NA	NA	NA	NA	NA	NA	NA	NA	NA	NA	NA	NA	NA	NA	NA	NA	NA	NA	NA	NA	NA	NA	2.0204113604824032	-0.22660645517785576	-0.46460927485003216	-0.90933765315442592	0.40533357434187176	0.47165498296606672	-0.004033904965387384	0.01453755366017129	NA	NA	NA	NA	NA	NA	NA	NA	NA	NA	NA	NA	NA	NA	NA	NA	NA
2000-07-01	NA	NA	NA	NA	NA	NA	NA	NA	NA	NA	NA	NA	NA	NA	NA	NA	NA	NA	NA	NA	NA	NA	NA	NA	NA	1.8752250174580128	-0.094572317806699744	-0.42044058255134928	-0.89954761788212128	0.35063223826849592	0.35693737327620552	0.027893355761397072	0.013115873790203008	NA	NA	NA	NA	NA	NA	NA	NA	NA	NA	NA	NA	NA	NA	NA	NA	NA
2000-10-01	NA	NA	NA	NA	NA	NA	NA	NA	NA	NA	NA	NA	NA	NA	NA	NA	NA	NA	NA	NA	NA	NA	NA	NA	NA	1.0234892106282218	-0.2369631590346592	-0.79186421043420192	-1.1078113949740074	0.20382310460436696	0.2441686038178754	0.04919139085406864	0.0049967031922758152	NA	NA	NA	NA	NA	NA	NA	NA	NA	NA	NA	NA	NA	NA	NA	NA	NA
2001-01-01	NA	NA	NA	NA	NA	NA	NA	NA	NA	NA	NA	NA	NA	NA	NA	NA	NA	NA	NA	NA	NA	NA	NA	NA	NA	0.60064832012980752	-0.72341708343929488	-0.68058089470254976	-0.8774898453634368	0.013504577010463456	0.12047032582282794	0.024569048027545996	0.015843162077834694	NA	NA	NA	NA	NA	NA	NA	NA	NA	NA	NA	NA	NA	NA	NA	NA	NA
2001-04-01	NA	NA	NA	NA	NA	NA	NA	NA	NA	NA	NA	NA	NA	NA	NA	NA	NA	NA	NA	NA	NA	NA	NA	NA	NA	-0.098277039063841088	-0.43901566642111304	-0.61933840942144232	-0.37343587346690056	-0.10633913966371202	0.23136395609531884	0.0065465937632999168	-0.0038298754020356784	NA	NA	NA	NA	NA	NA	NA	NA	NA	NA	NA	NA	NA	NA	NA	NA	NA
2001-07-01	NA	NA	NA	NA	NA	NA	NA	NA	NA	NA	NA	NA	NA	NA	NA	NA	NA	NA	NA	NA	NA	NA	NA	NA	NA	-0.77647859509880464	-0.58644723428149936	-0.50897142215928616	-0.473826949134824	-0.18331407263722116	0.18681320017738896	-0.011524324599596582	0.011434309418627616	NA	NA	NA	NA	NA	NA	NA	NA	NA	NA	NA	NA	NA	NA	NA	NA	NA
2001-10-01	NA	NA	NA	NA	NA	NA	NA	NA	NA	NA	NA	NA	NA	NA	NA	NA	NA	NA	NA	NA	NA	NA	NA	NA	NA	-1.1713473377454234	-0.7674167958642016	-0.56677013361976288	-0.05136751410503112	-0.26591101188007488	0.182076686794359	0.093604451914253296	-0.038253921209883288	NA	NA	NA	NA	NA	NA	NA	NA	NA	NA	NA	NA	NA	NA	NA	NA	NA
2002-01-01	NA	NA	NA	NA	NA	2.57910324639933	1.8140398203384108	1.7307516850257562	0.061555204002267256	0.41376095638237928	NA	NA	NA	NA	NA	NA	NA	NA	NA	NA	NA	NA	NA	NA	NA	-1.8529210968835096	-0.342077257516761	-0.42719504747886664	-0.19485402647560968	-1.2497979760281794	0.080048080851403712	0.18999442852235152	0.018924644636237648	NA	NA	NA	NA	NA	NA	NA	NA	NA	NA	NA	NA	NA	NA	NA	NA	NA
2002-04-01	NA	NA	NA	NA	NA	2.9553638089874588	2.1238843526865732	1.6378710298148952	0.070780111864402472	0.1845779319421264	NA	NA	NA	NA	NA	NA	NA	NA	NA	NA	NA	NA	NA	NA	NA	-2.0067276841253544	0.23236044751428712	0.18213655124189804	-0.013667564102463114	-1.652095489818318	0.1413446477586624	0.028380375502705124	-0.037828148528155112	NA	NA	NA	NA	NA	NA	NA	NA	NA	NA	NA	NA	NA	NA	NA	NA	NA
2002-07-01	NA	NA	NA	NA	NA	2.7041675407150116	1.4499448321440762	1.3629076357570242	0.025202062484077972	-0.084276591503768528	NA	NA	NA	NA	NA	NA	NA	NA	NA	NA	NA	NA	NA	NA	NA	-0.5430594114297456	-0.1008143199527935	0.69200485349629792	0.47622053051408488	-1.9119084244483732	0.07318347390791296	0.0303319919829952	-0.03261168268253048	NA	NA	NA	NA	NA	NA	NA	NA	NA	NA	NA	NA	NA	NA	NA	NA	NA
2002-10-01	NA	NA	NA	NA	NA	2.4643109097384632	0.99663544602200064	1.0775813754606302	-0.46828885984472976	0.0227486238898076	NA	NA	NA	NA	NA	NA	NA	NA	NA	NA	NA	NA	NA	NA	NA	0.55230915138857936	-0.34151309118147884	0.079609328339699664	0.057982928575560904	-3.376345056054488	-1.0023203456635304	1.4017353943785502	-0.40918552782845648	NA	NA	NA	NA	NA	NA	NA	NA	NA	NA	NA	NA	NA	NA	NA	NA	NA
2003-01-01	NA	NA	NA	NA	NA	3.5591273943000764	1.6082027880120964	1.215397762291466	-0.93490210977650144	-0.82600985858542288	NA	NA	NA	NA	NA	NA	NA	2.6339432015487104	1.092272200802535	0.014004682315404804	NA	NA	NA	NA	NA	0.59450352243481896	-0.32790435981068944	-0.20733834803062404	-0.3191819297308276	-7.2913100684722576	-4.8497096348358424	-0.16328930837437888	0.43676261481830224	1.4144528304561192	1.1812543371921736	-0.14363371623169522	-1.0404863414431186	0.89124778641791472	0.5161571406604288	1.1143492719384404	0.7705708998961304	0.81296695227129392	2.5358398024041588	0.029805471695197648	NA	NA	NA	NA	NA	NA
2003-04-01	NA	NA	NA	NA	NA	4.3676245899644952	1.8032145500556964	1.5646014307498994	-0.47250305460223032	-1.3561607037575404	NA	NA	NA	NA	NA	NA	NA	3.2234280689596924	0.31797568375116064	-0.57343121949607392	NA	NA	NA	NA	NA	1.069902701249551	-0.79522853960596672	-0.2980962211691532	-0.38851989584744472	-1.7914895421733788	-0.61605531687528192	-1.4578733003464142	-0.39865575295267704	1.3252322288337748	1.1943522911532838	-0.44175812650774976	-0.58271424207635624	0.9123361671192776	0.20712464521872444	1.21487169529557	0.016058944359993444	1.3359658693935698	1.4521339016982914	0.86501934775610688	NA	NA	NA	NA	NA	NA
2003-07-01	NA	NA	NA	NA	NA	3.8732702311796688	1.7472972332536648	1.6262593066517184	-1.0608800551516388	-1.2862522885337086	NA	NA	NA	NA	NA	NA	NA	2.403216439338204	0.3696645891360084	-0.81945092141834784	NA	NA	NA	NA	NA	0.59727254185191456	-0.4744232683658008	-0.46754585801625472	-0.30886028591936888	-0.49362996193202408	0.36304666350278104	0.059883933016133752	0.003353202822641096	1.7518153710102892	2.1390598607279204	-0.6788676581571532	-0.3992793845557544	1.0732280178156764	0.79837105433292032	0.24957867489676684	-1.6858506869183382	0.74033322042529056	0.50698337687490944	0.48225066037748632	NA	NA	NA	NA	NA	NA
2003-10-01	NA	NA	NA	NA	NA	2.8502536248202432	0.8980309064860088	1.6966860519818046	-1.02064435883705	-1.3681374303552182	NA	NA	NA	NA	NA	NA	NA	1.6916527400670526	0.16002137781307924	-0.28313536284109196	NA	NA	NA	NA	NA	0.24259008103844716	-0.16129560023444406	-0.061452019589302536	-0.06642041799849928	0.069879073310366248	0.66319760372186664	-0.66798659220734848	0.16912220667239606	1.8500684469499304	1.6544990300366146	-1.0914846696870356	-0.5069128393353892	0.88391238128510256	1.4374821248480216	-0.1631701780709773	-2.9942599119755304	0.22922016009707192	0.40518047546247024	0.2651704260479316	NA	NA	NA	NA	NA	NA
2004-01-01	NA	NA	NA	NA	NA	2.7109700591343652	0.58465316248159264	1.4894844459193484	-0.47764013013518608	-0.82177475619212288	NA	NA	NA	NA	NA	NA	NA	3.6916691955683088	-1.93085189800131	0.54089282438297544	NA	NA	NA	NA	NA	0.8951526453263696	-0.29115684368988876	0.38591065004825096	0.16486156303787838	2.1921690745757204	2.358480358690244	-0.12421335799219432	-0.19175524913276452	1.6803693528906412	1.421463851762377	-0.93415981413132832	-0.30062955668178536	0.71232896185294968	0.9590978104158568	0.31009900773762616	-2.4352208848402536	0.17578268918568102	1.0488538450945932	-0.088217642010354064	NA	NA	NA	NA	NA	NA
2004-04-01	NA	NA	NA	NA	NA	3.3116169567080656	1.2942528833765818	-0.054276795075332416	-1.0404870313272156	-0.9957455809794496	NA	NA	NA	NA	NA	NA	NA	4.6099341044992304	-2.7172435884756512	1.4343493242245628	NA	NA	NA	NA	NA	1.9591288696297696	-0.34443237081497996	0.37422903121107896	0.4300981187352108	0.25916164659697284	0.70802380353835056	0.55662314920840128	0.15727418761203888	2.361221170513254	1.5645614303023194	-0.23790258533424936	-0.43415431185833608	0.62758147447646872	0.56167499230711216	0.54482643608719464	-2.0281175000423052	0.475292046154656	1.0265391162125952	0.29331446826654216	NA	NA	NA	NA	NA	NA
2004-07-01	NA	NA	NA	NA	NA	3.9968495313628736	1.9225597695452804	-1.2906660474666364	-0.74696976956986112	-1.0913996976796268	NA	NA	NA	NA	NA	NA	NA	3.9762830799131656	-1.7167399736872726	0.80240414316585584	NA	NA	NA	NA	NA	2.048832038737838	-0.10965964015616974	0.0039797880913773992	0.25982569195088988	-0.30414162451235212	0.23593845823639592	-0.030754071100241252	0.010026595143371432	2.6499832551359372	0.58087706183292888	-0.087836555189714944	-0.39625046293753824	0.65228299497868872	0.55026228882834072	1.5432060005193112	-0.40963553094887216	0.95267126741192576	1.95551246361578	0.49454779857924472	NA	NA	NA	NA	NA	NA
2004-10-01	NA	NA	NA	NA	NA	4.327735151843568	1.9660408459812728	-1.9048861972891344	-0.89621324514139904	-0.9423381258483	NA	NA	NA	NA	NA	NA	NA	3.6111769728459232	-0.44210107975230048	-0.62051796936763416	NA	NA	NA	NA	NA	1.4666874949850752	-0.28410795759595116	-0.034638270778842988	-0.046761577839750224	0.43638993699284856	0.68802688535227816	-0.71076723156014288	0.18893277670775804	2.4773049789743108	0.54392863193828256	-0.035443568638210168	-0.351567278217572	0.98479806875522672	0.72606512495626448	1.2607655193863764	0.26567515187886768	1.1725065823921546	1.48240701779261	0.48149809956271856	NA	NA	NA	NA	NA	NA
2005-01-01	NA	NA	NA	NA	NA	4.7006651514879392	2.410310445021646	-1.318918852720254	-0.59458603626065824	-0.74544211344220064	NA	NA	NA	NA	NA	NA	NA	0.22519836485946952	1.7375354459967182	-1.6275483984861324	-0.11297387795062626	-0.26644836117247212	-0.29400496605052296	0.08109131551114048	-0.38147667389447072	1.4886189954945188	-0.702428381243994	-0.44877156113188552	-0.26238481152188716	2.9591168943951872	2.5069889741786536	-0.22424496514908024	-0.19467246109318868	1.6883352132517674	0.923202464728712	0.20627333207869516	-0.85927725678650784	0.9782098478281136	0.7801336002578176	0.82319575150034688	0.40129239531352504	1.0061003966878542	1.1030155194870066	0.4947081112095712	NA	NA	NA	NA	NA	NA
2005-04-01	NA	NA	NA	NA	NA	5.3921042673578624	3.5299818951255796	0.53015519763154504	0.92376188684642992	-1.27564578906141	NA	NA	NA	NA	NA	NA	NA	-1.5881776281833668	2.4823762358523416	-1.627718872215234	-0.16446719451082398	-0.10373294808296974	-0.023966655130708612	-0.042042685367783536	-0.62190884075973592	0.70475897384253552	-0.66200967707898376	-0.73567280606263968	-0.6138270632575744	1.007341434043536	0.96723376532469136	0.5587094222354976	0.1872668889681754	0.76812689233232256	0.5805554433061808	0.17000009750967688	-0.57725282001385136	1.059699826180068	0.46553514937579104	1.1727484077212372	0.60865710888352576	0.71774226762699992	1.2684038288677998	0.2586324912035044	NA	NA	NA	NA	NA	NA
2005-07-01	NA	NA	NA	NA	NA	5.7580080629426848	3.05023240651827	1.9825042778290176	2.635869559448872	-1.6707423048992666	NA	NA	NA	NA	NA	NA	NA	-1.1591021938104584	1.986520802984156	-0.88092856516907232	-0.28869671675994844	-0.17863135532962388	-0.1521912841694019	-0.19861314549105656	-1.2082984939000274	-0.0066388226674175496	-0.791160895763992	-0.7619204733052048	-1.1131615615866526	0.36069077398278224	0.5989295345881472	-0.0045565118492706336	0.012275231584331148	0.99856653789892304	0.35958299756896324	-0.27157144043509224	-0.045339978801602992	0.66815656257448984	1.2583254602320008	0.69297279472092312	0.35917875692987832	0.69434755923990568	0.75276890543703168	0.083917262842047232	NA	NA	NA	NA	NA	NA
2005-10-01	NA	NA	NA	NA	NA	6.1419622729915664	3.5686234503808136	2.6720447265034424	4.5854961467559464	-0.51479836440252304	NA	NA	NA	NA	NA	NA	NA	-1.4406912247100058	0.92755377402379472	0.7349559095964992	-0.1795372609448124	-0.099345417272013552	-0.071065831228638216	-0.16919648429106048	-1.1334459637480972	0.12874957407455406	-0.77206343382037952	-0.6743317570278716	-1.0745610019696046	0.065406750216699536	0.50303037798684904	0.10250654859912444	0.0063014499556966536	1.4586127179064908	0.20001686914613036	0.013518274130711762	0.066344343639357264	0.45916499148863256	1.098026839162195	1.2757028813362976	0.75216779912429216	0.7899206125660688	1.2712629393919024	0.26770074576530928	NA	NA	NA	NA	NA	NA
2006-01-01	-1.3362679011306006	1.1853787865185406	1.2308571068833424	0.61056097271592688	2.334069034175572	5.6837586307554576	2.3062566055964388	1.1809876178944322	3.9146431411406888	1.3920143330947048	3.7957439285119232	1.3143776249626616	-0.60158691929196384	-0.41558544121086752	-0.98927616076047104	2.6237553756445828	1.33420731559553	-0.3239805578469122	-0.2632839351370374	1.4773035781342986	0.20599198916136592	0.50191739073580264	0.68014868282022824	-0.18675747412077444	-1.3210127766507116	0.57247468389513768	-1.0722435849058892	-0.70474720186207928	-1.1864686185811178	-0.25348766224748496	0.36814155598036776	-0.052762692003267664	0.037509869729223248	2.2121948727707356	0.39749364600053336	1.0838520687624358	0.09822339361102016	0.896406495682516	0.91416103866677584	1.6048158172080028	0.016931189568105004	0.8286414673288344	0.95590423233197984	0.3500048638182388	1.7882688229564876	-1.7663930137322034	0.18778105927034412	1.4268216133762768	1.5522164230998458	1.2332720017278506
2006-04-01	-1.650419593592905	1.1863413043646808	0.7171798025803848	0.92822286384413504	1.4185040821290622	5.158287710619496	1.0737545572051204	-0.309775583659794	3.5669864944527488	1.99200325909521	3.1810972350464256	1.478405061083063	-0.77058001883912256	-0.71542312584342672	-0.23526562093441164	2.3026462836943544	0.76865320749098768	0.12088770334848906	-0.15999081878423538	1.7099144132072016	0.55499930679639288	0.36607274587160016	0.7227582923766008	-0.2681450667131946	-1.1115590152175264	0.72069704072038384	-1.0257452483890188	-0.51322268958322448	-0.69955039823111288	0.096968654597581728	0.4487643810829472	-0.075365288336259424	-0.0057379529504212296	2.8426546714443032	0.081923497761831328	1.3579238907361854	0.31616181849288372	0.3719457650007052	1.2156592193664304	1.3387198519300388	-0.13640396009479904	1.0561317685781484	1.370245131399146	0.21896161714794136	2.170217507867168	-2.1226688940446148	0.11171291076653154	1.6252730410083748	1.544918337022925	0.91908854298864608
2006-07-01	-0.41435328650645112	0.75836840914259856	-0.1142005416197704	0.38384949993567056	0.43744009979434208	5.2999484277274744	1.4613080818474376	-0.89182456080972528	2.5951029504956936	0.84721103896426016	2.5507657939126724	1.2170328476266464	-0.55046287398005992	-0.88654848129274144	0.4779842886948844	1.8503463976642456	0.38554536336141112	-0.13397608286966816	-0.41787536774585336	2.27911780706276	0.52707580473583168	0.20239228867556612	0.54813196268012776	-0.020615567838479976	-0.43797563304028896	1.3966683703794314	-0.93592634717038352	-0.12224854632241972	0.04125390954585636	0.10794968113161322	0.30915583074326928	0.045404716899214248	0.010044211801350524	3.622228239723048	0.25912038620207572	0.9964138253440032	-0.29325623331157092	1.0499343766281304	1.280910112761553	1.4927827691282316	-0.45129059584655664	1.0125419216605228	1.45220346441597	0.27087450813333552	2.2969644297470128	-2.2604759677802604	0.21729518105430064	1.490048506103196	2.0233826910732972	1.3155725516492646
2006-10-01	0.29152004482198616	0.9346851989992368	-0.57317569608622872	-0.31525091405154604	0.843753032608784	4.6744493310991632	1.1003349237813044	-1.2244659783561794	0.38014984668925456	-0.19652338833205944	2.6439366233437844	0.21887596077640216	-0.0855446598572576	-0.61371580422627448	0.16205005354356064	1.5242061961312278	-0.02142446389068608	0.76245327295918256	-0.47237555632126024	1.781183722163423	0.48194457841716096	0.2971957001077672	0.48067567934080576	0.071397523907799712	-0.094010532665150496	1.7041596259487056	-0.83975354260137888	-0.053913441375277576	0.35268512620371616	0.1649794375748611	0.25427114282149604	-0.11251876208689112	0.034995665438186288	4.0796034419239408	0.23089270486969168	0.35180660640296428	-0.099421958314655584	0.93569223007672576	1.1877444620518678	2.0794839677999644	-0.036659178388034448	1.0196154580519424	1.588547224804887	0.43054222854662672	2.2937718505342532	-2.29755240516362	0.31489245526316624	1.303515807755038	1.8335361239737912	1.106339584246415
2007-01-01	0.029871645774591632	2.3092613219499644	0.05655821895886644	-0.299850812882768	1.3218813913032914	4.0343366926216664	1.5012949855175144	-1.162032015849694	0.35469430864518608	-0.256061821021359	2.788916885785794	0.02674263161289164	0.072908261737533008	-0.1046887013385245	-0.92758491344191312	1.9506009183111532	-0.073038502088151632	1.673105038231426	-0.2666847690020684	1.0887247947238676	0.47272626556176512	0.1070660260695788	0.30057199452201588	0.020995590251257516	0.17668225088842366	1.4018324262785138	-0.49946752550325512	0.05653966293288344	0.72060257095333232	0.4904439190128016	0.6220107956461064	-0.075218983609112064	-0.016783715335242008	4.131871208687592	0.20307270870945384	-1.3299634440939382	-0.04687824045041772	0.13080291622192	0.46151290577349496	2.0151585542605816	-0.50939875351130856	1.1763101743008252	1.31935896385808	0.6207395791560056	2.0502939912919684	-2.2837555064578808	0.10714778554594142	1.5536468131370246	1.3757444401233264	0.66352300418791352
2007-04-01	1.7579491557835162	4.338001597885104	2.4312846128120544	-0.95126004477075984	1.479360697895619	3.7006192648441984	2.6047791012673472	-1.2559509675932428	1.120793507078786	0.15794140888299926	2.4532272027963028	-0.1251849233679549	0.0257867044108008	-0.24617329581293924	-0.36991356946340784	1.8814098365576096	-0.14710416777373774	2.0855969029073476	-1.0378006680705844	1.6415647768968502	0.1355175507164575	-0.024267348155666528	0.024466758021140388	0.067145138884568136	-0.10106715869493568	1.1134798044441472	-0.54806700824966224	-0.02147291982782862	0.343413932018428	0.21175147153019712	0.40608673029095992	0.12796193380044186	0.019431418034167224	4.0390336187509568	0.51143038403677808	-2.261254000979324	-0.20755149734333976	0.34455502615309032	0.40062109076780752	1.3903414629563088	-1.4368225330131922	0.97198655750603152	1.1795953299876392	0.52034269562418032	1.7382370500172346	-2.118093599171384	0.0092411775396227008	1.6560847628847284	1.7175672335064192	0.9840520697881992
2007-07-01	2.758506219661364	5.123469036681912	4.4152841198721328	-1.1726340623327354	1.5548924244940494	2.6123545816457132	3.50468146396676	-0.92768691116807904	1.2756262125748244	0.28801894167134996	2.1096954336659268	-0.071129690871343856	0.31413814357487056	0.01175529142807118	0.043161289921961368	1.6555621320652932	-0.051691544733195832	2.208026073428336	-1.2283797060153462	1.7999663832925922	0.46045359278437952	0.40109961503006904	0.43860951973847776	0.10173789648579744	-0.060481573796009632	1.2113885495704964	-0.42452074988972008	-0.053719113549298312	0.29503187407709592	-0.11973561429131432	0.043441306921124512	0.09891617568393888	0.012244557075568122	3.5171601881199052	0.08319060935220368	-1.9133715816985624	-0.084400835573135696	0.031322302097522492	0.21079919287996	0.72780627183145328	-2.6514871892717768	0.90134450700866768	0.73814167515311952	0.77415451864568048	1.3181414003084144	-1.7489338515800252	-0.1575212716839246	1.6711155986531878	1.3568922192990844	0.76720584812843456
2007-10-01	3.7273320153963552	3.8877073628359184	4.7994193388098296	-0.31401830740837232	0.17437205476075208	0.5504483748394584	3.2807651563137452	-0.42865617182340752	0.60533349090390456	0.62275696816439704	1.0606353301572476	1.299036715764877	0.36636271208395384	0.052735536537380816	-0.114114377902082	1.767498400847203	-0.14440644695058252	1.5908039216910104	-1.0100047498879068	1.9998523492447772	0.461343929359642	0.24231588678359056	0.62040621508376616	-0.12183820218261032	-0.23410887265966624	0.75180691847404288	-0.37174865407916416	-0.20807472467268204	0.02193335622931486	-0.4021957905672832	-0.15753572653910122	0.18994642035513796	-0.064978963443297	2.5525733627685744	0.270094198741961	-1.4635704379661516	-0.36921073791353712	0.51210335165997256	0.30699498802650632	-0.44831918624766528	-3.092823489416736	0.29117265428758732	0.49081853249888432	-0.073747824051611376	0.82373420526021584	-0.79111791330129744	-0.32737739193470096	1.3078251524356396	1.4870299629456474	1.6031923464875642
2008-01-01	3.2505002036425924	1.380441974867016	3.8844986063910192	0.71190209305884312	0.59558236389203992	-1.4924684515934334	3.5650229479547152	-0.32476244860374324	-0.092672922967624208	0.89259509279059424	-0.16156567841443368	2.7804365363473032	0.76876332649921392	0.45120739835995024	-0.70295010294148432	1.602585362451689	-0.23180403650559268	-1.015533347252131	-0.17092266256923608	2.8253080347884376	0.343466245742729	0.22446356580396336	0.32300263928967428	0.10774565910005416	-0.26198477965579708	0.79688285784486272	-0.378089590246064	-0.21175598592396696	-0.38393311966219048	-1.2231661637355416	-0.84226161539880496	0.16090938398498322	0.04324981691785208	1.0433838255469828	0.011186054205186748	-0.23189226482389652	-0.6452026892682956	0.752125783461488	0.62721555469166168	-0.6551074283382764	-0.99619503492025712	0.8427147006412976	1.3697862429411934	-0.2203436031828236	-0.054469336308538688	0.42735044923557704	-0.96372536482116416	1.3973018130173944	1.4022369331082676	1.9232366089644468
2008-04-01	2.8808388136773	-1.0655434232966128	2.9565263902938856	1.2666484673868002	0.38282479851508936	-3.2431563609457544	4.8246666255207504	-0.1905513442111396	-0.66018780284468912	1.007050725375578	-3.0925538364437416	3.708691746912608	0.191098110697982	0.61806430979786088	-0.32545947063815204	1.6638627200901532	-0.23652368566894932	-1.2542769298043118	0.41552599048201664	1.3732184296605484	0.25753300880576148	0.12030790332049602	0.43003400010728144	-0.14420602046650522	0.39366078807269864	-0.10426819995996768	0.5398079495288652	-0.33736260319210708	0.11056978816350112	-1.0857295945858336	-0.5582071705183884	-0.01623983909147457	-0.06960563698457356	-1.2234491439601852	-0.4753080978826452	0.85639041137491568	-1.0640651954631284	0.89690227461434128	0.66253282060288144	-2.316119851690836	-1.0924084018601084	1.9013892094473928	0.43269161315653072	0.58632151611866808	-1.6821557499610648	1.504022755394076	-1.6641989124727156	1.8218529350307056	1.2386665295143546	1.6117519949023682
2008-07-01	2.1612336073177324	-1.4158042283123538	2.5964076133968656	1.3592075617276578	0.93869541364416848	-4.9020836002987072	6.0630093932275904	-0.57522769283944864	-1.4264476719563988	0.96336789377058736	-6.2042984992395232	4.5142122302895208	0.017181674847892216	0.052869908243901984	-0.14749341057709972	1.6595952394243286	-0.17083411359181708	-0.21054540906926604	0.68289745330101712	0.4796359389445692	-0.46529694585581992	-0.23139732597940472	-0.28351791973581984	-0.10638119778621366	0.65061335968831504	-2.0844391987217172	1.558978408156957	0.006277759498559156	0.006237617761134092	-1.1836743463117876	-0.59307383308349016	0.062109657214469656	-0.03416514771633032	-4.1267842699379352	-0.73334653984750192	1.3155680972199534	-1.1033180943022572	1.1067479507441514	1.0805731756100984	-4.8535900540339008	-0.854109633116088	1.2893383656905534	1.2252775029451222	-0.80458239274054608	-3.2867190441011848	2.5888166568660064	-2.2442484729615216	2.4697470541402448	1.3018846246886666	1.484756079370165
2008-10-01	-1.5294922976168222	-0.86032897474626784	1.6621749190228532	1.1569442467253836	1.6011403276595634	-7.3108312905817088	6.567629216187772	-0.087926270767070288	-1.6736569602392914	0.030618770625976176	-9.3328455092113056	3.1492248626986696	-0.18391399967665624	0.5638682872297932	0.080431821320721712	1.480529181994978	-0.0663735416153846	0.53971774659429248	0.57508005212520152	-0.14427206473717108	-2.1303915180684952	-1.7813652800466934	-1.5412244645844744	-0.98650073547296208	0.45487189213958328	-5.4254238503875688	2.6149275104918704	-0.88521116121535312	0.086987006996889872	-1.1955948596624574	-0.58477788638587328	-0.056450621959464352	-0.016416601139279354	-9.4473862844948864	-1.419985337510048	1.009972950128437	-2.8930472829419376	1.3233743393723672	0.7828172716909728	-6.6943961542433624	1.83776660929095	2.5750602749036652	1.3613872601235324	-0.28663031200450824	-5.4219127497544664	3.8861713436318264	-3.1255378062873076	2.9946903525286156	1.4281327064922042	0.79245595907702128
2009-01-01	-2.8757042193877376	-0.57885722918539848	2.1199435680728	-0.65026394537145928	0.3055227009507684	-9.4254847106394784	7.0268333261695008	1.611103529729081	-2.4844613310614532	-1.6199744973095984	-12.820497520865428	0.53194237603964408	-0.061460924518247776	0.47608964434470496	0.54729472544834464	1.04853351466804	-0.049896016369761448	0.33116836907214168	0.93266138006011232	-1.9752211705363716	-5.0717940372740008	-3.5433000964870804	-4.908693247971884	-0.73129006114279264	0.15834679025919752	-10.33724319175468	3.7831730216298064	-0.2760845645125566	-0.62236807250148096	-1.1177478356786446	-0.39495111338829448	0.1291129263512854	-0.097021801756108528	-16.199027338266674	-1.2553267126074752	0.099907017173321264	-1.317762055151482	1.3007719296794398	1.6292373347522506	-9.2086512184244128	2.7352171464641116	2.3674381308214188	1.2377860752118364	-0.24844444807808384	-7.786928907179104	5.3224112621765632	-3.2095467510900432	3.1899955706080264	0.75661823625288016	-0.53489359912562336
2009-04-01	-5.1711115849213768	-0.6758590965899248	1.7166507684361112	-0.79374513664471776	0.56566461046726848	-9.536045289602864	5.6742477608081016	2.9755920788158576	-2.5601681590281616	-1.0256760930002526	-12.667870304955776	-1.8593929135625212	1.0981361431743772	0.36432205450915768	-0.53313257699762808	1.0857382079409336	0.60800150932534704	0.4005739704042716	1.168385382102485	-1.575270790304351	-5.3401539199305648	-3.0516865172674372	-5.5601309674054816	-0.26968955338285028	-0.20533913916064052	-11.133754521126442	3.657790100294804	0.7235408338955824	-0.82221525539210032	-1.8770323102309676	-1.2733953290090712	0.37269639353979144	-0.03036132649699732	-17.658609411728968	0.25359762169142804	0.076864128038379584	0.5694493170898944	0.14683960663745416	2.2774712568546852	-8.9036822917643456	2.6468516004462708	1.5737232917751108	1.895282018749796	-0.54490630892472432	-7.8168166240741168	6.1573320740644776	-2.0556552837832328	2.4168396182729616	0.077943862175309664	-1.63084340506785
2009-07-01	-7.1817835128666416	-0.7292230650226424	0.96584863111098368	-0.51202819904615016	0.88541751068633184	-7.6755098414027808	4.0941581321389592	3.460457723409618	-0.53809452772886304	0.29123573616443336	-9.7148136489934064	-3.5523363383131304	2.2427156794032176	0.7546496363484112	-0.32057741962200472	0.7380663414817472	1.1669451987323108	0.88435828872741408	0.76527740591227584	-0.84298888437178672	-4.0856453484438352	-2.17203959572096	-4.1898689446799112	-0.2093979086264028	0.071380716651038432	-8.2936644825176288	2.4697752953947124	1.5143997148397322	-0.56950790008916544	-1.9733345664362704	-1.865419609412882	0.016488945640592466	-0.051108155032594352	-14.389504377336646	1.9310531480803312	0.1530629132468432	0.14129331867876446	-0.284575422282	1.8827686076480136	-6.1364511796977552	2.2797874900046348	1.450286576791246	1.9394845668765336	0.35877598248759124	-6.1296748760704264	5.4743196274320528	-0.80827475522306768	0.74666179215949632	0.43724759178685944	-1.5034500609651602
2009-10-01	-5.4428323570304056	-0.97324578847622608	1.8779795534068612	-1.3514117714187292	0.64123688843755104	-6.2852927639901344	2.6089499365677932	2.4855975974259416	0.84936420052012144	0.89896928718291488	-6.1702199128437344	-3.0934559983063024	3.2900484984375732	1.0979330538330612	0.022356309150018564	0.33744542457616448	1.2154908788139284	0.84487583453391952	0.064837672894534872	0.4351112364572608	-2.0317171195026836	-0.4433026485903192	-2.4458098645013412	0.70914069411449856	1.0942104026173854	-3.401665321944284	1.2923686568600658	2.114028521505606	0.47862211714892648	-1.3766267164310924	-1.6121435639380352	-0.19329240083041384	-0.039676094412058768	-9.7797702589024768	2.6250420918799076	1.1749645584002966	0.84481898254446432	-0.2961814536324436	0.31895863441086652	-3.5028283825578768	-0.41421372906415856	0.24011813096032736	0.97640014202450832	0.53021619914083096	-4.2444512016560648	4.5767452909819608	0.24793525969451056	-0.33798649984630596	0.00070736003960900072	-1.3522819363514216
2010-01-01	-3.3166567156267832	-1.8405711382205344	1.9497286026858904	-0.918101424707032	-0.60221769282142264	-5.5836459279314576	0.6905201140705748	0.81839038380521728	1.030559666447811	0.97151659788911136	-2.7655414751914304	-1.762381456113088	3.5610656471074784	1.0597719449665408	-0.04455451951387548	0.58320804526273992	1.4601478174322222	1.1997713221440398	-0.47287169064763872	1.3351356169949194	1.0473154282677106	1.5733233839696222	1.1085768191569712	0.73891861910911376	1.7063277548021738	1.0509910814983018	0.5116977527707032	1.9429262109017208	1.5158624731997208	-0.23623218490242616	-0.57951694893936832	-0.49091950415021832	-0.01061308304812756	-4.7623384625215248	3.7592262615858968	3.009308314100364	0.073342440531741872	-0.54146809611455848	-1.613294217719239	-1.2499346513834482	-2.71355154132313	-0.44211202025772472	0.41899827907142736	0.48929099137557904	-2.214581931680728	4.1897167996545744	1.0856484972687386	-1.8230473314468452	0.296052052009575	0.45176199265840168
2010-04-01	-1.1332648261737614	-2.2733165901316448	1.956870953584366	-0.65292754820990904	-1.9252893476946392	-4.5222679121359952	0.32582353070879284	-0.72955964880090784	1.5992251849046016	1.0183868030741218	-0.74329676641600832	-0.5908846664621136	3.5619995962205768	1.7920388274423968	0.2670348179967026	0.13934946714850598	1.3000717877052268	-0.013859711531189384	-0.063155061567644984	1.0970958175132106	2.3677095411186232	1.944461884397642	2.7704353054514984	0.4328734973082904	2.0219688401033656	3.7404618135741072	0.086420183988857376	1.3007277079215672	1.3430208170877736	1.1080727740176062	0.7306086977699624	-0.56438377947805504	0.05516367106644196	-1.280081173280354	3.2051550339063372	2.9540671825835316	-1.602898229391088	-0.095543217069379296	-2.026301628420548	0.263564543465948	-2.5879883696610536	-0.59497193824106784	0.50438424763118504	0.39332478747619192	-1.1344105412655148	4.04940546817594	0.95330621775960064	-2.9120821850312172	0.84116271921693696	2.0232562349776284
2010-07-01	-0.39005496722078224	-1.9016021994862596	1.5373040834914596	-0.28286496888558312	-1.2317793905824696	-5.22098090869948	0.7552208832921096	-2.541149777236666	0.44275604494075608	1.1649930144184682	-1.7927858530461798	0.71324079627447264	1.7707947509592996	1.902959109196448	-0.17855870528673568	-0.0026067336758889676	1.3349584587801798	-0.99709723037751936	-0.024756039290066776	1.049441373954628	2.1821007873353212	1.4654591002197354	2.498186591617936	0.10937296534264256	0.7083851805988944	2.6474266891107464	0.082190274821924848	-0.3204560987855684	0.86756581085972048	2.2911373765376912	2.3647677518924948	-0.53895553218609472	0.05068157783709328	-0.75795814504330112	1.342770280134391	1.8899485850859096	-1.2230744384641206	0.866762155932928	-2.1780190214063912	-0.63903268759715056	-1.9111486380320008	-0.018762670814006048	-0.17926815430418246	0.29131984887570144	-1.7518829685496224	4.0019736492599016	-0.27306962483704872	-1.6482613982352748	-0.65659827872998224	0.86386294979562144
2010-10-01	0.015537797103279432	-1.5117812236846954	0.95528316529985584	1.2814605838083898	-1.2067185514854636	-6.3558974769375104	0.0393947224392676	-2.931199971981378	-0.45551678305708312	2.6223001355308652	-2.875988960416684	1.4694962196323592	0.73435884138843872	0.78628202520151104	-1.3554803691189328	0.21718460280470592	1.105766276485387	-1.9978488650363344	0.37783903026892992	0.92437543635464688	1.9225545160786008	1.4813208672158206	2.4363275801386696	0.12817413643582406	-0.26836906193784288	1.0549266194475552	-0.021038382217211016	0.09846574011438256	-0.035212684175256756	2.1388797246984516	2.5961478690007964	0.39365478654211608	-0.016262671702627286	-0.7297276459113488	1.5117243923847854	1.8176258140340284	-0.19075378614537296	0.37721924109415344	-1.1779340682846816	-0.97353370753542544	-1.3295932140505638	-0.16499978733083676	0.35075793403760136	0.35781144358002232	-2.0595954653798208	4.1362440801434176	-0.38624413605606928	-1.1527764791692726	-0.59713724369325168	1.4851422325363548
2011-01-01	-0.27613481199615176	-0.89912565896712736	0.67482463832660624	2.1532724367510152	0.70514488701470144	-6.5934606799154952	-1.3986811692405082	-2.9157193212123352	1.010871751417133	3.2675178245157652	-3.1456956868796636	2.3861234092559992	0.58420993909066856	0.65138591966450952	-1.1526305767647546	-0.10856188004423054	1.1670103876493516	-3.365448538962316	1.6286520317297906	0.59705609738041008	2.033857499504236	1.5933816872333018	2.7248179955357136	-0.19643117580914256	-0.48017450175608008	1.8041142163639692	-0.5271162124370196	-0.17135957946242092	-0.199510910432594	-0.79319292053158816	0.8707139443141464	0.88769646813525424	0.1165758731087839	-0.0014106899014604404	1.652323844371466	2.2495945076509392	-0.97272382017676992	0.31048452559782396	-1.0056382706475184	-0.91342558421211648	-2.9730865474469072	-0.055287756591857056	0.06952196466228376	0.53855503767502408	-2.1409190378847384	4.7267262454422	-0.41327545013836416	-1.3388269768178482	-0.17145368119313128	2.2748006089879108
2011-04-01	-1.0732993534806556	-1.7043194792138598	-0.43933797402286496	2.2615455660944864	1.8990024698820188	-6.0881337537487976	-0.94367881794868304	-2.4411342807218936	1.1127218135538574	1.4510296190188708	-3.7797222536946944	2.9058617524128668	0.32191750572803668	0.16280624624565482	-0.88422265329394896	-0.28261655347149316	-0.27878884860090192	-2.4091497226619848	0.80921923876663456	0.30033221386553	1.504242458491055	0.77442834523515072	1.7286085832213612	-0.30371210322224228	-0.85573623960109776	0.72657150847882752	-0.42684149758291728	-0.57200884325390568	0.33086626343824248	-1.9601313214050316	0.27386245796000312	-0.0090464389491229264	-0.05151544577145536	-0.61744516780655792	0.48023899412509016	2.0248275475623804	-0.98853701315186864	0.58222574064457064	-1.3899960273471336	-1.5859540987223988	-3.9063432853718976	-0.0015390486351463326	0.2175692262922916	0.063987461879925032	-1.8500609846328244	3.8052349272222384	-0.69369060431506288	-0.66420696997529928	-0.24982954847102272	1.4921283551540736
2011-07-01	-0.03618736680453496	-3.0671082416046568	-0.27733831955116188	1.3792712525519724	-0.027607426690308532	-5.3797377188254952	-0.5583222584655748	-1.2455879121936284	1.4582304628827992	0.11622214720744952	-3.6155570235634872	2.3867100702456176	1.0892964305161342	0.29408709908082004	-1.4796659445408718	-0.24596949341711812	-1.6032697046972788	-2.249924159121764	0.54740255914760616	0.4586568445145696	1.1302840664380152	0.70928818617311632	1.222602558843358	-0.084072773550238896	-0.40395520587090136	0.26801012894234676	-0.14381529468216858	0.21121172928728028	0.27866756478485312	-2.4438338689696324	-0.2199748154351326	0.25887618310156276	-0.030319781025507704	-1.3975714611234104	0.24977127134857384	1.7998509658573632	-0.48064243013644312	0.25255823223216672	-0.8699650030971264	-1.3380542832938958	-3.8151904271102112	-0.25385697417997932	0.25242608747218348	0.22034795540481972	-1.3978855523082232	2.37452728604802	-0.50752902029947488	-0.54441753404242632	-0.327672092921233	0.66945118019151528
2011-10-01	-1.0837320445869684	-3.6490490444148248	-1.0546818417064022	1.0445375764596392	0.23214408759424204	-5.8634654033810504	-0.37550119678684848	-0.491845144266196	1.1598560235353028	-0.81827847497773936	-3.9340364144138312	1.9972400947423892	1.4359134569637606	0.89931403347967968	-1.3662053770851398	-0.1578266185044336	-1.5664872180132216	-2.9800535706371804	0.817703633337728	0.53083589369358632	0.62891182587863184	0.2335631996316	0.88229405995957792	-0.3538374631236202	-0.25777153496350036	-0.06550928710799356	0.10042640341594996	-0.46446249851705736	0.28712228394081492	-2.3512024087657028	-0.31292202479722124	-0.42889973386018544	0.06559447167922888	-3.1244880442401568	-0.22198524707264508	1.9510415196484316	-0.56098290448735424	-0.32966891536485576	-1.0504457363684062	-2.102244941557982	-4.3115645447488512	-0.15038682897374308	-0.61583456401780456	0.088168783672293216	-2.1352077700385724	2.8736747147979892	-0.97220365739678656	-0.4638255211671768	-0.7632451000243448	0.15786916304540618
2012-01-01	-2.2013979785744616	-4.1577080518706	-1.9819317273724608	0.84562576272799904	0.76987395836918976	-7.3028670866857408	0.0455237290234618	-0.58629026692940104	0.18668689621210716	-1.0245733693772348	-4.7483054915376568	1.6263127971069682	1.4809691363269178	1.157004112443746	-1.0801871997176704	-0.18480809480935704	-1.5162332922698102	-7.962435007349056	3.3697861966502172	-1.3221185238512136	-0.42924614326585584	-0.400740257656958	-0.11409649430366118	-0.31919569978055952	-0.47891527191954712	-2.1955186873513692	0.68988230800832672	-0.49177691911675104	-0.15881102866647164	0.30896203180482056	0.2254950971678952	-0.40567198593130208	-0.15778298672512652	-4.7996874727688256	-0.5555538376212992	1.7874013549329538	-0.1116029267679061	-0.62648857984862552	-1.0058929909761826	-3.7796740598530848	-3.518487687654528	-0.27200040665757824	-0.53487270058906808	-0.5252767818453716	-2.9277036523167356	3.2348818379352984	-0.9047855840420344	-0.31935661327704236	-0.87919162196250336	-0.36239083216823504
2012-04-01	-1.0678017445798342	-4.2471062233155512	-1.05753177255669	-0.23342882430915888	0.831219380595424	-8.0477433227999984	1.1931712337077614	-0.86483380243234128	-0.059231947577421624	-0.2337564532797244	-5.9870292035177096	1.5376306250662056	1.2675495668752544	0.79709288858992416	-0.039392950321323592	-0.83587641625792224	-0.87450590561147088	-8.5188351201314656	3.3336053239467284	-0.32757931146458564	-0.80462951977540176	-0.2321623883738858	-0.5301510481604668	-0.056451339306895384	-0.41592629626241536	-3.3311647589841916	1.2899144443419444	0.0021977657740754332	-0.90688089310888256	-0.28874502809658696	-0.82751682173202528	0.78989911955543088	-0.10279301311035946	-5.2301800046621336	-0.480556802105096	1.5160279926187684	0.014457976293018148	-0.37213217353413752	-0.7452149622927488	-4.4004217908026656	-1.9476250105804784	-0.2211040223091232	-0.28371110829515912	-0.46930948312667384	-3.6527685826909704	3.2944295921961924	-0.92435028369751344	-0.62179902642422312	-0.77678657810085296	-0.5864400922596816
2012-07-01	0.20266595000433744	-4.268579380342696	-0.47577040369775624	-0.054656861831142664	0.35935979101045512	-8.0672681688604528	0.2459645111524628	-0.18803318353862148	0.024241999117943148	-1.0428121135087786	-6.2009027906712024	2.1124201878960744	1.0891236346296632	0.92968226873654064	0.41443752757816568	-1.263430315782517	0.058516254028671808	-7.1653034858577224	1.7656319360294232	1.6682936148297904	-0.30145322135995524	0.0054085480505731504	-0.11528243674061344	-0.16965046429058212	-0.19573185333596192	-2.7864953102494084	1.286561459327201	0.07965318145993936	-0.57403287854801464	-3.588130043104918	-3.179660041488578	1.1855491963181096	0.04797010971512372	-5.6395306646665944	0.028139514910519236	1.886663564113208	0.27898223671418172	-0.6295822868955108	-0.79042223290480224	-4.3992742000557184	-1.7164472101420072	-0.21153791761145024	-0.76831332918805136	-0.34660751071176304	-3.9146475560620016	3.8615173081484776	-0.8545998481213064	-0.56570324689827752	-0.91913759476471296	-0.57951179472735816
2012-10-01	2.3396540277682364	-5.2623710164649304	0.83534571533614656	-1.045649519090336	0.2820148935799248	-8.8710845301801264	-1.4966425447968796	-0.35448020932698564	1.40476725596944	-1.5841797024782618	-7.7359769909232752	3.2513266525997588	0.18273903251227828	0.45183626383307176	1.1928539650084908	-2.291651617985874	0.26946927005606136	-6.4629322711177792	0.65407672638069272	2.2428059105794784	-0.47564388837576688	-0.236720793846572	-0.15375076963655626	-0.18651494615539972	-0.2923584472548552	-3.2822384482118908	1.3229629336364524	0.13605545626769896	-0.301680266452017	-2.9614205832575508	-2.919435041917136	-1.0742132958009086	-0.049085062295603968	-5.5373066983524176	0.21822970048366232	1.9798076114648612	0.00027584910784108492	-0.5840787797181928	-0.80472758430667664	-4.3361234601302592	-1.3517831945783538	-1.079010787183542	-1.1151453743435144	-0.74730088775369856	-4.21361775996768	4.388536692175152	-1.0379256784853398	0.024583164913655896	-0.54885405704794056	-0.21244243196338732
2013-01-01	2.3458047587151004	-5.0276354399583816	1.6068892567521542	-1.4819781216366698	0.14727866939118808	-8.8271412519722624	-1.6271527502977898	-0.99381979960911408	2.7348023405020136	-1.4528966843047906	-7.7165350382042864	2.3911939589320104	0.78728050665131312	-0.4097430933631848	1.9794459740225664	-3.0131092218969004	0.29556989027254836	-5.746927157077448	-3.896284313433364	0.52523363588692296	-0.46568391121978896	0.095098527590486688	-0.1178850622106615	-0.068612427477626416	-0.50155172663783808	-2.5718440689086864	0.48717483751594184	0.3920943522938152	-0.015224587014550864	3.386892261268254	-4.6833968743656912	-0.21137896614304256	-0.27221806965129876	-4.5814275093749816	0.73874734233971648	1.6325295272439274	-0.13694395069421966	-0.34612976340408684	-1.167588006178818	-2.6470082133026168	-0.46418639705315952	-1.0272583490895564	-0.22666013078695908	-0.43252550364292288	-4.1528934036609648	4.4065617502560544	-0.86341618763517696	0.16764884445059896	-0.35839238897718672	-0.099078513691251712
2013-04-01	1.507153393256527	-2.9258680020215012	1.5179454005686126	-0.91636700688596144	-0.92459268582585392	-8.0382056741423248	-2.0983337239095216	-0.61190659714421	2.9661297894190008	-1.8226557188058984	-5.71213300184172	1.3357906520947544	1.778620846498801	0.70581247804910688	-0.04145740908842128	-2.4801893445169624	-0.29343529424069636	-5.196695343119688	-6.8885494061053552	-1.252875739402927	0.25266784106946444	0.4697877471348976	0.55421541582933024	-0.2761488604995952	-0.57655961510721712	-1.1809708869555442	-0.14386884018028934	0.34743281841481456	0.194640063344769	5.784275348794988	-7.1837134966007616	0.14201254466565744	0.12551855515325544	-3.509057791228634	1.277167657714274	0.96696845723370256	0.23773375903941972	-0.22522007466147876	-0.91352025608747904	-0.82233919473738608	-0.61306766772868408	-0.60705308719030896	0.0920392866296072	0.35398860978002304	-2.9556867683483844	3.8865946441938248	-0.2451377740053804	-0.1864781790808162	-0.4575823347033256	0.058174481727008728
2013-07-01	0.51100376810879048	-1.474255904774886	0.37750069549772592	-0.98362291521352768	-0.29265989305212708	-7.33620193877212	-2.8729546144710652	-0.299437906766647	3.4590026619693704	-1.5316907198335246	-4.2149535051755968	0.3356807322456376	2.1596856091027032	0.60965550081907424	-0.65923567608627864	-2.0709272892600224	-1.6802447387291308	-4.4483735179249464	-6.9239525647052176	-1.8216996061412384	0.030848247706324144	-0.038429509462344736	0.22811248505930196	-0.32848527924856148	-0.82255965603615744	-1.1420892797063132	-0.12717106750029438	-0.18468181972525532	-0.27254808357898536	8.7451735036876032	-4.4781906928988	-0.87197980124646192	-0.15758788446707964	-2.1273202755609896	1.4126187161084842	0.51354082401838032	-0.25511308962868652	-0.41455329074468688	-0.67731050506695176	0.8539913036273848	0.16311027935935508	-0.38839643022737016	1.1005362449662568	0.51115252602928128	-1.5024664254680624	2.3095158617620584	0.18624532141369296	-0.75958645859215936	-0.18933374475274232	-0.10576142944633966
2013-10-01	-1.9007990751765812	0.50863478689921704	0.013941876377032276	-0.6198277403042404	-0.8391983572960768	-6.2978566478260136	-3.6840979661240112	-0.02319193729732958	2.3618557354187172	-1.0051225970073022	-0.9214527434841704	-1.493900252070857	2.8190304353908928	1.0991034035351834	-0.95598528485534592	-1.5985624618769352	-1.5924625633745468	-3.8666119857110704	-5.9029359291542464	-3.09155678440904	0.095146977913042032	-0.057584270097067744	-0.18905720256827992	-0.0615220128002566	-0.32019397555676836	-0.28828048780285504	-0.2451635111415548	0.208902862407067	-0.20755666690508048	8.3960854431490368	-3.81069118577304	1.1789629747833224	0.033015914124985392	-0.88399003285831008	1.5373232212412984	0.17756888799073736	-0.30494090963016252	-0.057393168175475424	-1.2563584690919794	2.3334306772913544	1.3321242823328852	0.46469380179316312	1.7352039704551468	0.88568558970410064	-0.36855633199911744	1.3147235763641498	0.9349056752971024	-1.987245995485512	-0.49923788370098904	-0.4272440717537376
2014-01-01	-2.3167472121840756	1.0322764586046346	0.052873397405250296	-0.62814556342396656	-0.87062339147836704	-3.78156060799618	-4.3352988118194432	1.0750369302655738	0.8331271501275584	-1.6054456209808726	1.133715626164373	-1.8414026839007296	2.150418373988246	1.8092774918125164	-2.5395235224270924	-1.065981190336536	-1.3782698529786656	-1.8057087568024348	-1.9047356623675132	-1.7881036782267446	0.36872937029835184	-0.074941043407212976	-0.10009216578735298	0.093871625507898592	0.22178250921181412	0.89538418047926976	-0.40150608460013312	0.40895271760380216	0.2596192509851698	2.7882403458809176	-1.2075446952013256	0.75622381087155104	0.08364959484026424	0.052148846136732584	1.5155713935976802	-0.32318186381810908	-0.02658838600408326	-0.27178554968736484	-1.0119080488835054	3.002394698532024	1.6916411725159866	1.0109967416468086	1.5459528544069834	1.467701229507437	0.53653205846605544	0.40229489746725152	1.213441288104587	-2.6971874893591044	-0.80757322026535792	-0.46432120544138824
2014-04-01	-3.6015107677172096	0.89105531745740128	-0.16366634356598706	0.117235582484717	0.14902740957938656	-2.1071703988197344	-5.4567937460162288	1.6233075022519706	1.1903469285739332	-2.3487484543783196	2.2445912426094168	-2.13964107017031	1.207141413953216	1.2393626334559264	-1.6074433703577652	-1.1834754565687212	-0.43747766091455448	0.023621264558029856	-0.0083144258880870208	-0.27506163380818748	0.096934601795543072	-0.27620339835054956	-0.3408609797310192	0.21115211092517	0.30950264106438912	1.3105914614010848	-0.5407655539758792	0.029521801740436944	0.56064748587731016	-0.1245983921060366	0.48761815555730432	0.023728049763294464	0.038281677668456232	1.1778036057803824	1.2566762732730758	-0.5942103110327728	-0.23580020789451688	-0.38404143492213192	-0.86093138944440368	2.818803389955902	1.1641967120371242	0.51261187109618776	0.69640938292055288	1.0227534382482708	1.0896562214952434	-0.51671661328483376	1.2340402251859248	-2.5956405387368656	-0.50960379720898408	-0.2325127568138796
2014-07-01	-4.3426077478761824	0.65976333391209808	0.31024457490972708	0.55854878731076576	0.15242681768444538	-0.79538130983905296	-4.8064563346712184	0.81813504420596176	0.64807407501263224	-1.677844710047264	2.4563389310476384	-2.7756784793311048	0.048752114770709256	0.81840645025931456	-0.66483412647325904	-1.027901648113464	0.62607009752868344	0.0274229485198086	-0.028840281868605732	-0.30473419044954016	0.376323395717718	0.26827678480290084	0.15111844431875742	0.31442049855969156	0.3137159852834856	1.659137880235424	-0.79995652349151328	0.27310666813637076	0.7856799309358752	-0.11507887498962482	0.347125544131046	0.011970535688598014	0.0017356969359500902	1.761832450920186	0.71024057551112608	-0.92691775277313616	-0.30536261297654076	0.08371023101163536	-0.89152640529560096	1.778858063087473	0.79316375796093536	-0.0156581268284108	-0.23225084275280568	0.4768476082410088	1.3787003644886114	-1.0487546799209854	1.2811490701119912	-2.4661373959597716	-0.55771117301523512	-0.093960629741306768
2014-10-01	-3.1940759412876504	0.51102264719926608	-0.14809775657007948	0.56869459158789504	0.19819300508430244	0.050459709201535528	-3.6632951290789192	0.51000097770687648	-0.36299876119277752	-1.8112106586303984	2.3034001947080532	-3.2061173950431452	-0.28573693116254912	0.26899232784249564	0.095280055881453456	-0.59248748893881664	0.53214335724502696	-0.53534595947582152	0.010926634612991228	0.071006454069460976	0.59795334845461912	0.37582151550199296	0.7055582287593488	0.061812193786634128	0.11076478782101198	1.4559266877930488	-0.76025793869008064	-0.0890890624098848	0.97819252978997456	-0.14686354080982522	0.3305620129576352	-0.0635656235968292	0.023174221616085412	1.6924215531469318	0.83509408270411872	-1.0766791724481814	0.05149277151130584	-0.15419439060605914	-0.88422018946880688	1.6634821569641784	0.25277773716004896	-0.68431617502211552	-0.78052237514360656	0.36485664858392992	1.6843689282097864	-1.4660474829676056	1.2756924644534322	-2.5383389434574096	-0.55331941102641872	-0.082112085413073872
2015-01-01	-1.4641143428792986	0.82634407038310848	0.48337942241384216	0.033440567200152956	-1.1718211463966668	0.32157764247394788	-3.861731682992812	0.45598024482557928	-0.97139569172417456	-1.1754653041271214	2.414181970130326	-4.0655060858658064	-0.89694034190475168	-0.4788844266840652	2.0301957855574696	-0.56050989540202248	-0.20409962214502336	-0.13049550976969684	0.44611476259168272	-0.22320468339901948	0.37184562346414224	0.32906246768430536	0.56456957299890768	0.12174948541383572	-0.30211427575101816	0.3914617003181164	-0.53081844323208192	-0.047957313748595608	0.51553231083989336	-0.1036481935412752	0.5579708935404912	0.0083589162530373344	-0.017064119773785194	2.1457324888143044	0.95221734954510144	-1.1991795510566576	0.024832093197847868	-0.28671222697275084	-1.0880474844284848	1.5750203630707654	-0.59884978816912416	-1.649955823863289	-1.4524855318250094	-0.19982397783457624	2.014707023436198	-2.1614675024763544	1.2959281062210614	-2.2625394657369152	-0.32257344674341608	0.084630490950185552
2015-04-01	0.0064669872308889904	0.63621093646062656	0.18151243254272016	-0.67645817815187912	-1.3695373574582388	0.95192965775245536	-4.0993388458761936	0.40441567671307896	-1.0758944790354502	0.1481164641158634	3.502490149126868	-3.9758085047862608	-1.2225546333252678	-0.42295428200449352	1.1345848840549268	-0.50786865461403216	-0.38863355999850984	0.72422297921037568	0.48842501319151088	-0.47285781951432968	0.70013676489929744	0.57243955004302048	0.97523283573679968	0.045828949139151216	-0.29984058706584888	0.7089693692068804	-0.60676780238096736	0.1472600757884944	0.33037682014396112	-0.2748370124127198	0.3286031976480382	-0.015365869990779822	0.031005690219559724	3.466323370199644	0.4455311444308572	-1.4957903403520456	0.14601085843840586	-0.18715020463001848	-0.64930896038358584	2.4619936913282328	0.7341439100499672	-1.380981144841739	-0.71601405208587312	-0.024850259332483452	2.3945684370580996	-2.492777148054858	1.2937915204898776	-2.0976500735344104	-0.26643088341947048	0.078017187131750416
2015-07-01	0.66642941635717416	0.55310623395166312	-0.37606279749785432	-0.45336872945838416	-1.9977812480224964	1.1634673594429938	-3.9153994740886128	0.88584160641232192	-1.0419115050250738	0.47989399424124144	4.371030636094224	-3.6562691438305096	-0.63604214153075456	-0.1767508926032336	0.26123098387722136	-0.71189245188085168	-0.022727031091166104	0.40785907749542464	0.17168277900256968	0.019212437736131072	0.56859815332615016	0.29398269875476808	0.69933672639508024	0.035813032827119452	0.049047081097705792	1.0760718669678358	-0.58998425584010264	0.11383778879634852	0.70565734083934728	-0.0021591921641757236	0.4588569475873028	-0.14097981759376762	0.00448440178628612	3.6396662883691368	0.22711973761017924	-1.732014289439046	0.040769129071261976	-0.15907235855255628	-0.60070901885702256	2.7042425221149272	-0.77392029676303088	-1.1554808953566858	-1.5101365670501428	0.4890059919889116	2.5825763913868332	-2.6304208664342664	1.170664041039802	-1.752513540625963	-0.05341947049396516	0.063889539205478784
2015-10-01	0.89532987239226944	0.42531773590910264	-0.44485966852672912	-0.63418791292957784	-1.4469289031906226	1.5210351822649632	-4.2752119856328072	1.4814919470111064	-0.82277085548205264	0.82117779104313696	4.8563274249445712	-3.886474762757784	-0.43061125100464312	0.21845189759367816	-0.10766236156471094	-0.60867359098855048	-0.10216876363848296	0.18908641390283192	-0.026318014501652528	0.36883392384453536	0.49262085579541816	0.25748074335190768	0.31454931458534992	0.18851733544061068	0.090984818113758752	0.84618919968236256	-0.45406992297034296	0.26543412589405036	0.7274761016417128	0.091527481535721232	0.5476029314876796	0.047096508506280264	-0.016192086153710066	3.1726457079304856	0.3134662899807578	-1.81902220056472	0.15040244269018222	-0.29140504495822748	-0.85225621199175744	2.24020438951113	-1.6429642836307174	-1.7786823751511792	-1.8112569808462192	-0.20655918395554432	2.5735660547106556	-2.6531370967719176	0.98862933540953872	-1.4459140618561372	0.10014083158841624	0.066159801668765672
2016-01-01	-0.86774424714271664	0.40605566890942168	-1.4280207499890732	-0.26425579692587936	-0.38015382056990896	0.88806242167250096	-4.8442514800836928	1.687635311733959	-0.37974846653374736	0.61377615033163104	5.2623174524586128	-3.7617401590932552	-0.26342860107249044	0.82521726920264416	-1.0336255596041804	-0.6584860068299048	0.14124268135675904	-0.84738727675029984	-0.12635135249699652	0.63975784642901832	0.68404627391711712	0.1252946527063692	0.23035987784543684	0.10888907791537978	0.3935327411553452	0.94110936341943776	-0.12984206672976772	0.2570673543483622	0.97517939686900208	-0.80532514793627456	0.015180538516608092	0.42273429175694856	-0.0044420516254766864	2.7260081434872964	-0.006886797550979448	-1.9376371190587452	0.253582703309092	-0.889479204983376	-0.95503029580268048	2.0211123631571068	-0.93147043021973216	-1.5338120722010624	-1.6888018684694626	-0.6237948591018404	2.2604727849009412	-2.4332357958035568	0.58021066465562424	-0.97187168022493472	-0.17654012117195792	-0.38468513422753144
2016-04-01	-1.6339431687108484	0.83940738424806016	-1.5069958898283378	0.17391657931227736	-1.1347917697502232	-0.96262967329024176	-5.3013205449956536	1.2665317062806982	-0.59113630971477728	0.16349700249725734	4.1756304449206192	-3.9570027724525264	-0.65468305799396384	0.52398023619823016	-0.13443368134515008	-0.74690540995444624	0.13512468928805362	-1.3767174463561242	0.1062901690829992	0.50147820761561912	0.58267099507794584	0.0065693488822559792	0.022201794356665404	0.1237283327541449	0.51698310438353344	0.26905558080231844	0.327327041538655	0.26889003489846476	1.0478954795855134	-1.517750098578665	-0.32579362794722372	-0.065332880420215624	-0.0011283457857796144	2.2787680823860632	-0.3049477182723474	-2.4576594485926512	0.20223509459229732	-0.76254116523206608	-0.93969837785133344	1.2938013871831402	-0.93829103533044528	-1.3330222354040826	-2.2027004560351992	-0.55256006872778344	2.0703289051724492	-2.3469054300840044	0.58237689564285032	-0.83273280287428688	-0.49547716675832872	-0.60110865140700344
2016-07-01	-1.5811309665018632	0.97137179245049136	-1.716617029043524	-0.07603230193884472	-0.17488970812446	-1.3417815503684298	-4.8008689179036488	0.5322327795421692	-0.86377183890963728	-0.85814224361242144	3.6011075309335296	-3.3881301057085884	-0.92157928129937472	0.17365714265793122	0.13371394683357594	-0.43672831502410176	-0.67473958501644416	-0.3693231910179808	0.4061334841508732	-0.189598325195343	0.32119288099672072	-0.20997064251689364	-0.31147614689487268	0.17418596875050868	0.5631834436594512	-0.7160899600420296	0.91375359109557648	0.43764564478543968	0.68613321328425736	-1.136764161867554	-0.12824318065064788	-0.11580990174561718	-0.0348313903457404	1.906497953058272	-0.34534139595294872	-2.282692689249314	0.55972317484216168	-0.46106091531282336	-0.5682757202509612	1.1786990105019634	1.0413930074811868	-1.3684789981423268	-1.0759978801280406	-1.0118036005638044	2.1578021333821988	-2.5930753734083852	0.60580658845563216	-0.88623291673774896	-0.47512737953510776	-0.59587167840847096
2016-10-01	-1.6810072912471922	1.2749581271845938	-1.4566201622699988	0.1259148968439075	-0.76181972865923856	-0.87317972101603552	-4.6713273822415424	0.054348957239485976	-0.87063573824672992	-0.64583688992720888	3.5636803509697764	-2.397190556196794	-1.3813402832907058	-0.23723733843502	0.09678384216036072	-0.41293623901799144	-0.21416261820071936	0.25062512426148304	0.24826690826085844	-0.32574737246307916	0.61750761982787296	0.17558910627266602	-0.10190013960943488	0.40296229058962032	0.7778078848675176	-0.016739522129994854	0.87201181506585056	0.81672443030299504	0.42171466330472632	-0.86446129129502528	-0.17618827326842148	-0.015530645524706972	-0.018137625498962168	2.2621903011475836	-0.338787416543035	-1.520914054153911	0.54851159816060888	-0.579428829794852	0.048234274053337232	1.1971280588634306	2.0287447824858696	-0.40465494561896624	-0.96506508145208688	-0.4083963702171696	2.3150770565269	-2.6725265939992828	0.78921738116883264	-0.78444469400405088	-0.35787339885803132	-0.42350050569210088
2017-01-01	0.41203404401580432	1.5518814191038294	-1.0423834571138006	0.25072718898375472	-1.7623330739701438	-0.076926006551147904	-4.8126696216781912	-0.65779254059877904	-0.97421196921276272	0.077726665816549712	3.3601629677928656	-0.89213407316135488	-1.8093652043558524	-0.78425720558794432	0.010412826636923196	-0.18179645468113748	-0.28705892937414696	0.15660941370969544	0.32165402081721156	-0.6076910388951596	1.1618987509753546	0.73152120689029568	0.97185220800310352	0.15819928070603378	0.33408132498710224	1.064127927772445	0.24158963221812552	0.22800135120176596	-0.092894846873650864	-0.56287679131977032	-0.086179119261484496	-0.17207706126701212	-0.0011780819816183234	3.0038355351666568	-0.67824816801414432	-0.86684874727389568	0.24536271999717832	0.28746346174046332	0.50620680550964024	1.1623005376526438	1.5020859918351748	-0.35667626081417008	-0.82305626430760288	-0.015163503937876838	2.7364438439021548	-2.8699207617344484	1.0086446203625226	-1.031180351999047	-0.085948974294846128	0.064616357943738544
2017-04-01	0.47122691183122328	1.3040801941033938	-1.194297954059218	-0.075071762737174416	-0.6651404397273284	1.5241883868914706	-4.067534249081848	-0.70532914457115312	-1.4652096315109074	0.90664090296633824	3.8623092195412936	-0.7414691916362072	-1.5937177688073578	-0.99266982272196608	0.071278172413792336	-0.35461048599626632	-0.50970863851289152	-0.078259239842656992	0.51126526740369792	-0.92841115219578384	1.1437068557879036	0.53213241528637464	0.80846297676564576	0.07422050560492536	0.61765600470514848	1.0671297041842996	0.40361443286865584	0.28858347860864552	0.13014047021564718	-0.13766759700177034	0.1042494984280909	-0.036537355731206384	-0.01682151739134129	3.5703421441888488	-0.72408392023121952	-0.85637380967331376	0.48660206988004096	0.38566687149100976	0.82203719226369648	1.0516795935314248	0.74722316044685312	-0.94505278329421584	-0.92838233654562592	-0.53969651138407056	2.9719509628156584	-3.0609237907858344	0.84791471175506016	-0.6658597055415436	0.20665995609837352	0.13836436066818708
2017-07-01	0.10841523981961992	1.003610323104891	-0.15139546900214256	-0.40106471067943536	-1.3552389494382458	2.3635541874843316	-3.7719077251262984	-0.12593056665664476	-1.0047824663244574	1.2095263818583482	4.07107827628706	-1.4885223177316252	-1.8449384871420908	-0.60967284817847256	0.20731195496647916	-0.53082039760775136	0.2307958027848884	0.19078474343832816	0.48003189715915032	-1.0810067719667566	1.1471590806561456	0.5504590141881968	0.73762274455161168	0.32913730496669668	1.131484365370972	1.479409157356399	0.4985756289625208	0.62454564899142232	0.61446474418748808	-0.12464867116930144	0.053427831400718928	0.0069651875988465896	0.0034744221959970272	3.9106829190439424	-0.26621562497096824	-1.0027029265275766	0.12291669644287396	0.32997398833921504	0.6101676698393184	1.8469833058589264	1.613932418188533	-0.73643047217956464	-0.56552660463753368	-0.38313140444959904	3.0272913385598376	-3.382593534053196	0.80919089127212	-0.5076398257433892	0.56937726908404304	0.32404059405993312
2017-10-01	1.225559884622416	0.94955166289694864	0.20042716382536528	-0.62447518077043272	-1.3454434163214088	2.6883735059492004	-3.1771266434989512	-0.36620184024145984	-0.54410713981665224	0.82939010545181648	3.6473476901030008	-1.6062596308388968	-1.6070905240716908	-0.62132738612525536	-0.047888934289442808	-0.26688259938505732	-0.28054705994132532	0.50526200091452152	0.60383727490777864	-1.3109934270745678	0.97021233252829664	0.4928251519077308	0.8853304436786168	0.11920760883812042	0.94634382504716336	1.3754208586946668	0.39991847748806624	0.31395527428133972	0.68034418657808592	-0.12443824777775446	0.1668157406111739	-0.073758452078432272	0.016831579662686148	4.1533284527999568	-0.13563084131578618	-1.2685627989098478	0.0039707534241937848	0.51425975148180472	0.76859926465312992	2.7145841640748968	2.68854519955165	-0.3776046283614292	-0.12143786272403454	0.011016138155651842	2.8502261204282068	-3.2841639265527724	0.86338728687175376	-0.75881088890151344	0.56727232676898472	0.4305039979240712
2018-01-01	0.37065571718175264	1.4183467953025834	-0.089835356100635696	0.034836920632575492	-0.9925653346494344	2.982388521095392	-2.5322657042836916	-0.0077190506286022864	-0.6801341098539552	0.31247613032163048	3.4769888515217104	-2.0872570992962352	-1.3591341160414486	-0.38352216157993152	0.20788818757863728	-0.34651680502137012	-0.5060231630777692	1.2163121959806288	0.22717781756384984	-1.1092100242479154	0.44190454753587672	0.11935145303975816	0.32900713188049728	0.091582907877084304	0.83903311475679584	0.5665623288455608	0.51963898038087272	0.32201415772616592	0.79263492174493696	0.16738586195585072	0.48465672806753408	-0.13419657244005472	-0.0004583676669929676	3.7537649719847192	-0.50510554815476904	-1.4571163339458306	0.060056114381075792	0.23084526178996232	0.30317129050216912	2.3144528547117788	2.3602070054697196	0.079395678023893072	-0.76795360369543424	0.45772633529555032	2.5464015069930688	-3.0325881875029852	0.8178749449651608	-0.72472313807707136	0.37833590910145528	0.0223479353155748
2018-04-01	0.60275615972097696	1.3319367749833856	-0.13187932267218572	0.36069900593131912	-1.1289395902100096	3.1205419451815648	-2.3356736754579332	0.2015090087760774	-1.0728915786910956	-0.079673180325700032	2.9201022105922972	-1.8221231576375868	-1.6237939284769988	-0.35240927165806672	-0.080329746156164304	-0.11428859525561198	-0.12970734425109128	1.2581537291527252	0.091813189913078064	-0.75697903592302112	0.15249068674040364	0.02741798661031664	0.077295392435030464	0.26373702246908232	0.78266714326039616	0.36962546582013424	0.48014429038357792	0.44840906093674352	0.58817453523486472	0.24086537068192064	0.53934389672574648	0.0020712552415948128	0.017308810898938404	3.2738443002051592	-0.87551515034447968	-1.2793548456322202	0.18939871924013808	-0.034550957814849416	0.324136515254093	0.5188477838333948	-1.3217897964361108	-1.0195291457066748	-2.3983112043486276	0.2152946578286662	2.3668591548754628	-3.2556744652155144	0.7591229052445312	-0.55316884181209536	0.2531026980478468	-0.27396399286592276
2018-07-01	0.64254566998670992	1.2189808436959572	-0.53350262795828152	0.1325705465466962	-0.2233771711738522	3.0882910237418236	-2.5280137977915212	0.086330749489040976	-1.3016678652593176	0.43916940360076192	2.5197018651543656	-1.265193058756698	-1.6654051579364926	-0.70117055162531016	-0.12435282972634676	0.064068314519107912	-0.19770731834360732	0.95647947190523488	0.18988269465895508	-0.5891220228039712	-0.059307951769549488	0.0084810236102701488	0.095683510507428144	0.037778263610708808	0.39603504615345096	0.031711531316904748	0.40105052205178576	-9.808360393191256e-05	0.17848600511655594	0.1735075922621252	0.432992763958888	0.0076353161359348896	0.016790079604961052	2.557473321674766	-1.378497267613046	-0.919272285957116	0.25093613492363724	-0.12228886548284454	0.40781727810145248	0.12150023861506688	-1.6713965406315592	-1.7172020092149698	-1.8326682037993632	-0.52991799763586464	2.0535801068401448	-3.2249781992332024	0.61897897455657424	-0.46372018318673016	-0.040572701549562808	-0.60330173707773568
2018-10-01	-0.18790929697337084	1.4378132067013176	-0.80584813670008288	0.3553030809169082	-0.020258147001438708	3.288848283588756	-1.6818687957484888	0.4425391020093916	-1.2426951028387116	0.65880259361571368	2.309771997993358	-1.3360363973228536	-1.8599394800057396	-0.71594704360599624	-0.34702983860109492	-0.027721037508517824	0.17113947575588078	0.8419167036392448	0.17595230739966534	-0.28458390210842056	-0.2811419036290176	-0.31509770979503836	-0.46160945753632696	0.013635110886744648	0.3408352781722044	-0.44828168547474992	0.51887659106295528	0.11263093900070794	0.088971374528967024	0.19046016245391216	0.41119298771016392	-0.055857463401997656	0.023282969510103604	1.7593758094012378	-1.4955008097111752	-0.95846817631565584	0.32096751068671168	-0.14322401507895872	0.1308959177592418	-0.58565631723806032	-1.2459937833223324	-1.3289692658065618	-1.949809304834398	-0.634297374517754	1.7694175865430042	-2.6972132832118208	0.58550586137907656	-0.34542428362832732	-0.30030821728055636	-0.83838863238092208
2019-01-01	-1.9187277406747176	2.3645428725970804	-1.2394903188065674	0.91801809815881888	1.2580237462133514	3.1025342986934364	-1.8097430472967156	0.56362130703850432	-0.86400183889876192	0.7112767213903164	2.63908680067524	-1.9852209430377052	-1.5703555744668408	-0.45228008386626296	-1.5338908119801052	0.26585115371197264	0.33731910315113452	1.1536706982339498	0.2509733241797874	-0.19415428266091556	-0.31141840304494012	-0.39366780309969768	-0.70557952487917952	0.23565665881648412	0.3564953961717882	-0.60143457489623352	0.55763129026606264	0.2136966905325332	0.25757136839773724	0.17602116214164404	0.59727771565267392	0.0084545543944540704	0.00090192876223061056	1.4294099180524126	-1.0313814204338134	-1.1505370257397534	0.44521315913241976	-0.28377716919252488	0.058753507118851608	-0.18894066788602108	-0.17727677244358498	-1.4869448697947936	-1.2820200410686414	-0.85245134809901712	1.570596636915271	-2.2016450756666308	0.56109529906955992	-0.47497306436281864	-0.29481817464439448	-0.72876891970070448
2019-04-01	-2.361231166921002	2.053021294213936	-0.89747980756192592	0.6771539186646248	1.4228814473780514	2.6931184617364124	-1.7040211793109536	0.78404649588331104	0.28624686105215952	1.1924449208833518	2.8033755889129704	-2.0367611899087616	-1.3844020331820586	-0.32315390503497084	-1.0504518940565244	0.26358540022032072	0.15155304851340256	1.8772131459489464	0.2402703929711074	-0.19376242010600984	-0.1698300075877806	-0.10948079846116466	-0.21566943764364816	0.091092177451181696	0.059213527407723512	-0.7669994126529248	0.35749626329512524	0.1111201648853307	0.22855684375478368	-0.049913655621412888	0.4865678768713308	0.010296590940973324	0.021514349819794316	1.120160332802657	-1.3261265991663516	-1.1744406588176676	0.52671477759087368	-0.77177053761994064	-0.086819501492923632	1.4369777245209632	3.377066488094936	-0.60270698488654432	0.098427153445803808	-0.6592834642723292	1.433712724404322	-2.164000576531422	0.33574054522228712	-0.42645020159758128	-0.53316948350974432	-0.91514717761453696
2019-07-01	-1.7533014663886168	1.3102598181342408	-0.73351354918113472	0.65187597438394552	0.3378562273659016	2.0643297733712144	-1.0951041248724396	1.182038435714861	0.51660998101371944	1.1284949884233594	2.3896455004961532	-2.2932689489719432	-1.226407182029325	-0.23056900476459188	-0.53836540121256704	0.2161406550381494	-0.76867972916881904	1.6151757836886014	0.35792603868744076	-0.18604299330643988	-0.29170181591717588	-0.12707689655820126	-0.12599721016510664	0.001041249322591975	-0.007693185197305192	-0.51777052211784592	-0.070555563020409064	0.2476929277432232	0.22324539933529624	-0.038362224903917672	0.41240825239012064	-0.02212962804749112	0.0082979367956627536	0.8405124834474384	-1.1300744510206296	-1.5663184834488056	0.65677870877626568	-0.7564315269535144	-0.34558314235614908	1.0010930465307784	2.6492026307603388	-0.2262304036472276	-1.827433477019696	0.30686336787725772	1.218726621956568	-2.1335645403881664	0.3714008169727636	-0.2555951478756282	-0.54585873979615808	-0.8330681102110624
2019-10-01	-2.1610124761746132	1.2424631104948026	-1.6895749993374882	1.4382036918765842	0.79164827938978528	2.0156767157207388	-0.75847032345938672	1.592344414542372	-0.037230972843440392	1.6330408843941158	2.1591681836589732	-2.237100979853574	-0.59115709130502912	-0.13764933145477228	0.46998834659778096	0.2546910052083966	-0.87395578231607712	1.3240183009580202	0.26149361504604896	-0.06767274359678316	0.16870398665681922	0.15045013542669496	-0.2797834542478282	0.1518942966682404	0.47196442199442696	-0.2501504575605652	0.38604659785700664	0.34872684369216844	0.68137596685708024	-0.071448727003826208	0.409524594839074	-0.015424474302686752	0.011245284152917736	0.87290407786901296	-0.77329773868346656	-1.5388691748109578	0.63273836758740056	-0.89807750054737296	-0.46949283813517432	0.28155267450538596	0.775826056669848	-1.766885743844888	-2.263383216968982	-0.9239010144493072	1.346937210280434	-1.578296993647797	0.52472328012538472	-0.17597863464732688	-0.36127580227919808	-0.87182262398273776
2020-01-01	-0.49495162916626864	0.23560967791178532	-0.92452941233565312	0.28987992124453664	-0.3482723077812578	0.59042893774972728	-0.01436785843180575	1.42764166031318	-0.67495301545838968	2.3602728637422568	-1.154168936864209	-1.3769669145819748	-3.8211609276621832	1.3297556408633022	2.3681626699375732	-0.054983838679371288	0.23298353988532112	1.0008394142186904	0.11607907602828322	0.16236502769942728	-2.689915029278528	-2.7575382527542024	0.85610308424614144	-0.97656146653946176	0.68269216506533784	-2.7047436222463156	0.6982512274488608	-1.3944264473183002	1.1559550297928972	-0.10407914756677342	0.32471739658223504	0.041373691110107464	-0.0070555970366031472	-1.1458448839577218	-2.2966104548777616	-1.9536805620312836	-1.1308478966886734	-1.3029712816217866	0.20846650106195592	-2.1496743592662484	2.286434354308864	-0.047806458795480288	-2.8577880696700744	-0.4124196667164176	-2.7002016115505832	-2.7263645155377252	-3.45028719241893	-1.275221599640276	0.39080346286195736	-1.7221190432843872
2020-04-01	1.1088858369987232	-0.093780773027442224	0.90262663587978704	-1.2685038909380934	-2.027870794161138	-4.2417131985379208	0.16653476370304834	0.30356155057538296	-3.627411448870428	2.1077142096907756	-14.506144119850794	-1.2100050944061562	-7.9547349627009408	-1.105486240268143	0.121321896360223	-0.22069114061079216	1.1090301000119472	-0.09081310026438704	0.18876829344870288	0.55365472948175256	-21.211320272637984	-3.9638481707236272	2.320583148046036	0.17372341841377398	-0.40124834414343016	-13.62629626450209	-3.3862501265668784	-3.0287076808613116	1.062872418074607	-0.47086749859183672	0.19275335430591836	0.101704408001959	0.003429832337413524	-11.884953499260424	-5.4337759259931056	-3.265240979631308	-0.44027844789955432	0.17640418891927562	-0.47755116010164504	-11.75544517693707	4.3578267277301824	-1.6563035243901574	-2.4853702895410504	1.1379121653872386	-24.616871096994008	-7.1563349420043224	-4.4114781190417328	-0.9578702461689928	-1.6293035325680698	-0.34954934747467436
2020-07-01	-0.28854027408863992	-0.73329491608620448	1.8144451013648616	-1.728059870051081	-0.31043123195730076	-2.6543258112228072	-0.98399511756940704	1.01859030114191	-2.278461644400772	3.1561782867262548	-11.220597580918096	-3.0905405703419668	-0.33061703477893796	-3.4736837946822924	1.7679124127179874	0.78985531856748976	0.50625761956165048	0.024177018804872292	0.10096541943452756	0.50267349819091088	-17.589003894995664	4.1622203547686712	-0.64758515993555	-1.5853297500619022	-1.0092176851004048	-11.303144297880696	-4.6572525782397872	1.2831051628710184	-0.84121419170233968	-0.71770026531466576	0.1590534792010218	-0.017902958068189868	0.0011375907944975194	-9.425390967089496	-0.1676985983850407	-0.75654853972939968	3.0643525234284904	-2.501150301392774	0.35569928599265056	-4.9469248327808736	4.0131447293358848	-4.4379246828675176	0.070102855620910048	2.2628196637656704	-20.549051769441876	-1.6783239946876048	4.9311279936580528	0.071245062717041192	-0.44141418526269256	-2.214738585544366
2020-10-01	-0.73893427208279232	-0.6003586571131916	1.9599102615460252	-1.458105190087291	0.1823910932127164	-0.6095349044228676	-0.035532674855425716	1.0331602990218416	-0.8495603920413968	2.5599934148180124	-6.5317535565042648	-3.1150229454023384	-0.082592772746265152	-0.010810914080840884	2.4470191678084948	0.486526694032856	0.68137848659104472	1.317463219912006	0.86215939954810448	-1.2568661773948368	-11.842567750309974	1.2245200772633022	2.1829340103887924	-1.2823776098305054	-0.227369263266315	-6.487122354055524	-3.790784732713468	-0.30471632662866076	0.44763255488613776	-0.67407526188285296	0.19823222839184092	-0.026526320173406012	-0.010425444517784612	-3.225037150745286	0.6452980827884396	-0.701019847669462	0.20472627229754344	-0.66769417205418088	0.057993775410204936	-0.715916305818858	4.1609309728033424	-2.5260077446457004	-1.0148159438662056	3.1571426793514116	-14.66138930161427	-1.7122409539663994	1.1939001463449344	-2.6817420575447452	0.55653201236268736	-0.51427401214014504
2021-01-01	-2.0576194000312808	-0.20933161912947512	0.88636482230278784	0.79072313852727696	0.1692130986489118	0.70570296969440936	0.30948508323862096	0.26314135761380592	-0.64373400878450784	1.433344112784507	-4.0511692671948888	-2.8502939086850124	1.9722401875730864	-1.781806557741392	0.93273806191970736	0.35924272038678552	0.76559782592575488	2.4287379977443632	1.3759500828095256	-2.0731200442344252	-10.004598260657666	4.077082700620796	1.6635100752762324	-0.03024658346518764	0.095499754397994304	-4.0978886504620712	-4.2596411869228936	1.4672133272420602	0.28670070081991516	-0.5008346231585916	0.1620626016116487	-0.12176425058916264	0.020490748851806004	-0.49418894510912104	1.6044509656528318	-0.027487438281439144	1.727332365241724	0.86974767508411184	0.44878094125801912	0.78737506246443216	3.0155721468522612	-3.9249244575656576	-0.43103348511449848	2.6152866966949952	-11.974882849251054	-1.362224913150173	5.4970706628184176	-1.548005463362565	0.40446088820062344	0.52929331825383848
2021-04-01	-1.7837239345136166	-0.54757881741973856	-0.57323057603892168	2.4418833890814052	0.8127414827332512	4.81151103347276	-0.44685930578085816	-0.087464583147253664	0.6860503352267544	1.429394811707612	9.2934357728437344	-1.861559324533066	7.200849310275044	0.47498507012944832	2.4100777530896056	0.81112694144328048	0.93043703822010752	3.2610941482975884	1.2223991261192842	-2.2804557004164268	9.3810498539748496	6.3015300639180136	-0.69817702466537272	-1.330763495518484	1.2794799402472736	8.0689683184269792	-0.090232978291728832	3.4171953148313248	-0.026742962776481248	0.17019228444707226	0.38337534743177368	-0.21926199377683632	0.0014416934638581598	7.9625170932364224	5.5241990885533872	3.3583399359199716	0.70540972051891696	-0.92089597748658208	0.8697327952531608	10.295967658577772	2.1668631897121656	-1.6302039023966862	0.0943152549628324	0.93572774536638688	10.190357046937924	6.9172626542538976	7.6358107179082656	-1.9861852723982528	1.8340136274286864	-0.26192305105047092
2021-07-01	-0.56221115972481104	0.44904323914535128	-1.980516959872984	3.6491319322756824	-0.28224256404821712	3.6444370877810512	0.045539089551349832	-2.4693811068639708	-0.95686648365940288	-0.55499018572108592	8.4904838204050736	0.97878034445169472	-0.11386662849078046	2.7072921254716708	-0.3498782121605658	-0.35203533611536868	2.3051123068228692	3.069120806900214	0.96871691993883392	-1.86605055362387	10.914863171811382	-2.462532097418248	0.55209485131747616	0.70979092775629648	1.1059920874632196	7.4301146546317264	3.0810220538745936	-0.91516080214193744	0.9156016262091208	0.52975251449215288	0.58831455685372416	-0.050906800606053976	0.013654375536686072	6.4827336835952792	-0.01454366164379543	2.1703048246214644	-2.326646630799664	1.5943598373860068	0.12339378818039336	4.0436797321202712	3.8711404617391528	2.3045202010376608	-1.9145136059631812	-2.0053351863521396	12.649917782605254	2.3364543645546232	-2.05116050146335	-3.2468511339473772	-0.70801626347115976	0.6205746506200344
2021-10-01	2.0371270900111068	0.35342669683753932	-1.3637269201231936	3.4759129456338536	-1.9289181442729616	2.9446856648143616	-0.56886082069490632	-4.1482696082155392	-2.365918285851598	-1.7844073156006786	6.7617920118538104	2.7152855869259512	-0.80105931701937408	-0.80203072276493728	-2.289071751341754	-0.49653514879555424	2.0287644335631572	1.826730550494826	0.028787185913451384	0.048231503597384336	8.4079948085091536	-0.59955940275914032	-1.648433502314353	0.753228007904532	-0.6437238316844008	4.6303271689251176	2.2710009373312464	0.19919977267977256	-1.3098141976713658	0.60310656767685208	0.62320661577609696	-0.083379693295910624	0.041391438779440696	4.567968572617412	-2.7332105170707832	2.6872381392264348	0.75163696358827936	0.81729935222697408	1.3471721620176656	0.97152131370954432	4.5971109564997776	1.7727654567928076	-0.8872828893835832	-3.2415952856214532	10.650407425245798	0.86486279449875152	-0.027293643528725452	0.006297525446294028	-2.6843147245577608	-0.69376272802505576
2022-01-01	5.0406669189081944	-0.43893314773094712	-0.51263495507858512	2.0772660436602996	-0.81626320040592112	3.6743943868251568	-0.049050962203971368	-4.8475699940864632	-1.8131254736394144	-1.6188984569832344	7.8700193009618912	5.1750617621915288	-0.42192865369474272	-0.66578764754149136	-1.1642700285776508	-0.61163543580024816	1.1001269417645664	0.9249742049666104	-0.252992591966615	0.47476339741002568	10.21221885304779	-0.95132414407249104	-1.8875938235363636	0.49016258682735464	-1.6987085163511264	5.6341259004634608	2.3380982516978256	-0.76264897796085648	-2.2009046825440772	0.78992502338593456	0.71851359328639688	0.0066193982504207472	0.00080556611602405216	5.5400932401752056	-4.4113201894745976	3.7521056861438264	0.87383008833730624	-0.033945352391608404	1.5188367538669678	1.7271348050285482	2.9040778301277948	1.6160041701248296	-1.13205921814337	-3.5325273067972864	12.280424437295386	1.8800852658975916	-1.143559811073702	0.70253352012497504	-3.5997787795045252	-0.43143290886214352
2022-04-01	6.2883173081559608	-0.12805564301660122	-0.98118805224450464	2.6014978041235612	0.90936253022175024	3.3612449067372904	1.6660767778523856	-5.9764926901513488	-0.67693309814005008	-1.8303093517175824	7.6055581959754016	8.075412532341712	-0.27051274041086032	-1.4051587738697842	0.042559279409471144	-0.72091611900282208	0.85619089270142096	0.83338246544668896	-0.22604313311756728	0.32499027553792	9.903443998621208	-2.0056476782548692	-1.228335388960652	0.69291391477764256	-2.7779093592272788	4.666466948799944	1.7378135755456004	-1.4804075557256732	-2.919281579714004	0.522807222897368	0.46993076042954648	0.044945191341308864	0.036038950018575208	5.822794931684432	-5.1855174173371056	4.8951435442656216	1.5482085774135748	0.19461564364700068	0.59669764540602224	1.9493954496850752	1.026853060792916	1.6444698588141284	-0.7007523160484688	-3.8823712550009584	11.92203937285852	0.9877685730299872	-2.7220047819536788	1.9461715681234056	-3.7079098779182936	-0.2277768465765068
2022-07-01	8.4852885461026816	-0.38635752346269128	-0.52266597808163488	2.33704430845842	0.4311000027687492	2.8940263450744332	1.7088981144798696	-5.2598678612082728	0.2047089388343678	-0.58758108128211736	6.271027822508188	9.2223480784509776	0.019501855312501992	-1.1074746153866574	1.116595707805301	-0.73827709732733776	0.79460432711423936	1.0126214071769628	-0.41425827645876504	0.43298142224627864	5.3813808382819016	-1.1101728433475098	1.0442513786109134	0.3173008561287502	-2.7124850748097564	3.0273446203540012	-0.52565650601242672	-1.9952369403057556	-2.3242168159995464	0.4637114287418384	0.30978114875775668	0.024635269161000036	0.014361228388767744	4.8391543748332432	-4.908273988449244	5.586779503565512	1.1856261472037038	-0.75224724810404128	-0.16890862958487194	2.9428680607447236	-0.00706896364848326	0.97347508129911936	-0.07418257887604584	-2.1116932842870096	7.0696971362306432	-0.90713538737673184	-2.7190513261259684	2.9133490903714976	-2.2831780863710496	-0.21934998205362936
2022-10-01	7.8797134710351904	0.016773309666200976	-1.1358674987429534	1.158216311280607	0.8605395328744096	3.3666220933966452	1.584886392227387	-3.5710879004729504	0.89133739526676032	0.67533639678372816	3.9195845967020056	7.0181656349218968	-0.34395314901682744	-0.93063437180791824	2.3085916274258444	-1.0555330078085118	0.315420965025151	1.083506445454612	-0.34093723007149192	0.41844138780200848	2.1639253540611464	-0.22809547739566424	0.78935582627166096	-0.28882303518976204	-2.5629648282954112	0.16861320419633908	-0.13379761005247354	-2.0108752586781496	-2.2417316126610372	0.39899655908832264	0.24512277039267676	-0.01268663478663352	0.025991730170024068	2.3141225927119056	-4.3944678020422592	3.842862293976452	1.4702899716269854	-1.495423649053607	-0.82282596394274464	2.9593322304123336	-0.29468964483309488	0.67419417344842384	0.43945899626050576	-0.5664197574748364	3.564221707487646	-0.76308297013348432	-1.5644188742659404	3.3948958358584776	-1.6166442883073316	-1.0549822733321264
2023-01-01	7.1584827234870232	0.018509704516550736	-1.8010333001938342	-1.0641952517971926	0.83826588848834	3.227112505828946	0.9443963101203248	-1.7250561580794268	1.5119301334623502	0.41812767038023856	2.8943926420782168	4.244820605202236	-0.44729676014210776	-1.6196768749107382	2.2407546362991704	-0.57115216296143912	-1.0114610252671174	0.5584491161297336	0.16766268730773768	0.36908457230666888	1.596369831535267	-0.13309745272786974	0.19319856878041448	-0.21130916262943216	-1.664992589286461	-1.5969118237755918	0.91466869456270336	-0.59405487608273032	-1.4920112035246374	0.64535296524912792	0.63067573966870528	-0.24500261559872412	0.031911896502374972	1.2610898062827406	-2.4354520412797892	1.0869809137307444	1.7441233063134284	-1.896374663626956	-0.9236633147571416	2.8096193178415428	-0.43622772352430704	0.60994138439331184	0.63654740324385784	-0.10932717895795794	3.3365008630207472	-0.46539652306176368	-1.0245329995806798	3.5848080159689168	-1.0433326397568484	-1.2632331952786586
2023-04-01	4.828659719167284	-0.055337783462447904	-2.708873551254452	-2.9969847710781128	0.71925954656764944	3.5854996341178068	0.21622646814084044	0.63850266743582536	1.4024799566002618	0.52735913808259872	2.36558271519081	1.6913019909420512	-0.67059266720425704	-0.60798324041001784	0.7405454018557928	0.34434040391306076	-2.3395660233927756	1.1510394853963038	0.20258999077462712	0.25440311583104712	0.52302147030200216	-0.97279744188643296	-0.74037526371874736	-0.097161678227926496	-0.1396680892477318	-2.2240393695135428	1.8512574268898236	0.099413458244335072	-0.063825764491513144	0.9264827441728616	0.89540107284601024	0.024744586305436368	0.019155048584709688	0.76243273328511472	-1.525421773062903	-1.6888489703210004	0.61550506709830352	-1.9017739352143128	-1.0799371157745204	2.4884285697679596	-0.27760463574681616	0.61463693865616784	0.65689755133708736	0.37887313509054512	2.5844975886509624	-1.287887912562619	-1.1714401662823318	3.3072770361942336	0.035685231985758084	-1.1951747328868576
2023-07-01	2.2660863335055668	0.39839088957976112	-3.4133407597871468	-3.784080221325448	1.1028821688910216	2.75795954594955	0.48371029870054792	1.4865634955351316	0.258684212822554	0.070862255242244736	1.4878034414415446	0.37856237271601808	-0.94803831957159488	-0.73109912024271552	0.3149194099283012	0.68648177889171136	-2.5477958546893024	1.5510756996559556	0.17208940412004468	0.17466318830869334	-0.43263556721918736	-1.402580201976591	-1.9762088710504596	0.29130863532046932	0.72386994981439696	-3.0401890955423912	2.73043208458241	0.6062087795855804	0.3223101638394002	0.76576440650400656	0.79666475421670208	-0.050184986206126704	0.056462552491325104	-0.69590781745440056	-1.3480029341390888	-2.7871995848899916	0.97263903338704064	-1.8561839728465856	-1.5217299617157818	1.0277459295162752	-1.46660982754682	0.4841122185406764	-0.12969927504869932	0.6605873342068752	1.8488378551066812	-2.0419604010885008	-0.79787951640376048	3.7270570242503176	0.40645374634618688	-1.4815420843612112
2023-10-01	1.8082586235696156	-0.39325438284033384	-2.8366535573293216	-4.2979078413676152	1.7077052294820916	2.315235395048646	1.1232370668532266	1.4851348420516008	-0.23115361571382096	-0.82671340402554256	1.2339245831887302	0.92455404652987664	-0.78060073898186848	-1.092153234476444	0.2183363305038072	0.87597938931731616	-2.3353868157213528	1.4758763235823134	0.2814651733168398	-0.025969623063399736	-0.47286690573011584	-1.2274272936692666	-2.3239679419896952	0.52721432404657784	1.2359373205636546	-2.6344690924310728	2.3691629225931304	1.2215958817271548	0.60071180659081936	0.84976358473109264	0.89538464745764928	0.0036566567648257568	-0.0017040046108228486	-0.80273468436357568	-0.40431444181156408	-2.6830374261041084	0.60404813783152176	-1.1445429065858372	-0.62689440720009136	0.056883636513375384	-2.3842970230478792	-0.28100975604505012	-0.085243899220131792	-0.13929199892895478	2.0238141580661956	-1.903014894540146	-0.38202607769455216	3.1136387614805532	1.0852454920618224	-0.5961119274963372
2024-01-01	1.3593241098573086	-0.30806887080989404	-1.9886523219034632	-3.7996665771335264	0.77615041235345328	2.4541733596152084	0.8856941798455104	1.50608451150852	-0.97217112978485184	-1.0612649814905448	2.0634958674054048	0.73702394377724176	-0.43428289970514032	-0.7385013509147224	-0.50015676444129432	0.61310943493306744	-1.2638689977481104	1.2321345332903456	0.39112539530612048	-0.2596202441472464	-0.12700619680182654	-1.1016207017237254	-2.0346322329261724	0.54763926177799328	1.4758346513111604	-1.8538717903492256	2.2726428472890092	1.099634172346221	0.645151071213278	0.22779350831239004	0.37106943820324848	0.29057458883980596	0.02833019285860542	-0.159426738142241	0.024409523066753156	-2.6162523513621476	0.23326727686719552	-0.157478017400205	0.032917257738289636	0.27033732165208512	-0.7590970661395856	-0.026602328274518748	0.36016269357639576	-0.45845923245248896	2.2649410740409272	-1.8882072759117696	-0.29785405329539632	2.1384949563695916	1.4044996562096832	0.098813308790369824
2024-04-01	-0.73721457994282064	1.5123617864134354	-2.0493596150291048	-1.8294859761738412	-0.66210890126976584	2.7733538941777032	0.74740375418150976	1.372559341763042	-1.7275589051150954	-0.70942593391090528	2.575632006225872	0.74655850343954192	-0.47671253843426136	-0.38198080149681344	-0.52803824530096536	0.16958479695184536	-0.36966577877641768	0.57637067542090056	0.63013346211951296	-0.3213595133621296	0.22707228245994456	-0.44540503406783416	-1.178759672404202	0.66266325496422104	1.3258040737192968	-0.88607477181851088	1.7945292701679076	1.0886790224033176	0.54015126444349224	-0.16868353727937338	0.021622869617790228	-0.018316515934025172	0.01085326604364998	0.37768472526886064	0.4673719263479944	-2.32213429155291	0.143854043721435	0.0099495606190000912	0.25284608514860096	0.1837378558676728	-0.31777987377240052	0.36066818698810856	0.14753935593453938	0.066053180908455664	2.086591415088398	-1.915786708161726	-0.09326665778920776	1.7505557552363306	1.388268007053751	0.51219362750627936
2024-07-01	-1.6649179004120858	1.8721035081497924	-1.9695420523763992	-0.95317108858695184	-0.976890447753268	3.3682647224959596	1.3988048312599138	1.5845855396963404	-0.70073043379575736	-0.83613900845590528	2.8249934563858924	0.016856685256287176	-0.54830242625397952	-0.62407972378865552	0.0080269231736404368	-0.15488387942556322	0.30283713386653956	1.2440937553349852	0.52020204317861432	-0.45101310184643056	0.59735415870081856	-0.026810128088958432	-0.29132103638794244	0.4502811708302512	1.4318192049737956	-0.070421968999245296	1.4718016555015326	1.0913988322970034	0.96071834054245296	-0.13454615091973196	0.11007784494589994	-0.013426596155766238	-0.0040253342250295664	0.8192496681440784	0.74152776167652432	-1.7957003965072816	0.025525582498188444	0.3387898671717664	0.39266223775647944	-0.12882658260436658	0.27135993340936132	0.258414681953774	0.56396667795497336	-0.32668520808816044	2.348922153673512	-2.1705084430866816	0.33342077268364312	1.0673298639396606	1.4628683488779044	0.87282893270034816
2024-10-01	-2.9933395115487852	2.5521116689442632	-2.4321678912962192	0.40742748793811376	-0.7024057446142824	3.7206250122296616	0.084972147490846608	1.3516294604314356	-0.90971585452359216	0.19548795921655652	3.7415736949369432	-0.7960015276456232	-0.51169652868302392	-0.33947474524157452	0.91857589423705776	-0.6925529254419972	1.5676580656399912	1.4872394218311384	0.24657951248077652	-0.24085794123281556	0.52377411699586264	-0.079863865566760512	-0.18680310434481352	0.27849815672627896	1.183295178046259	0.5252453946796428	0.80387445210494768	0.63350283824337984	1.0393087223929846	-0.1036631150319588	0.14154252342569582	0.017774894979683382	0.009810216101796552	0.82425179069032288	0.59041918501678328	-1.3739936911459094	-0.060883233625305248	-0.38006648938566488	0.046522888844160064	0.041872850421107096	-0.15820122479619008	0.41888031811334832	-0.0010226671998085358	0.28044766021270296	2.2284632541659432	-2.0844694298540884	0.3072113215422836	0.74216900522968944	1.1709024470651844	0.58968819023771376
2025-01-01	-3.9433560437671208	2.9335800988024824	-2.9251191729556048	1.2071068902071512	-0.2434490383417232	3.8929058994122048	-0.80278001377969728	0.41121853619209144	-1.1492036757043316	0.660412314622034	3.2540518362885428	0.25199954466569536	-1.2205983354279602	0.2424420899586364	0.94745981499843328	-1.0028767137951928	1.4446740050557206	1.18560561063272	-0.1295013337270145	-0.040045375406051712	0.3201092912732148	-0.41885846417286376	-0.3358526203914478	0.24551423561004116	0.81182221001575968	0.85519422315377264	0.32108775413981276	-0.043302061151365816	0.80798373365964032	0.015958720426060242	0.32885380593583032	-0.029440791728620676	-0.00044986113632211168	0.18307016060516664	-0.78195135455793712	-0.82046168843209136	0.13022511808654342	-0.68930789719588672	-0.56320240167536416	-0.57188566562492904	-1.3982609234167038	0.042692559285763032	-0.36868835595144832	0.77375329653416496	1.8708823680019048	-1.9083311920589572	0.21111066525092328	1.1127674426152762	0.57229838749275184	0.067180151163360928
2025-04-01	-2.1386986384966768	1.827597009137896	-1.7748617306496268	0.1235772955571114	0.048374729209245728	3.7958079044559688	-0.29098761874634848	-0.054415040179132	-0.84132635412546896	0.3145071086465092	2.32697778114654	1.2796478953925512	-1.503173967395123	-0.239874484531273	0.45302466781661536	-1.3693207303998058	0.96563513772166944	1.2156246934384632	-0.18982694789238728	-0.015832176667475964	0.23621707937766288	-0.73076598722161264	-0.77733167561793264	0.25620688234829688	0.32747831397542032	0.3272468128878198	0.23418930690225868	-0.426712983277472	0.61486225769081696	0.061316401814650296	0.4568792963159896	0.0053373296714420176	-0.00012736992941654856	-0.16639023846305348	-1.2775536160591018	-0.59932486221841656	0.8658292470583168	-0.5756840461926824	-0.54538931675283776	-0.45846601886754912	-1.2674033340420858	-0.12408206843886254	-0.26937195800528196	0.89935452553952304	1.6930572835254764	-1.8988756699146092	1.0280076610608286	1.1288200274084378	-0.15609172714552036	-0.16665763767665606
2025-07-01	-1.2798282589698944	1.4505839837351216	-1.1866805682844594	-0.43859891918465296	0.55374024300860792	3.7408455422903944	-0.04107871548274124	-0.50153809062616848	-1.1827355497071676	0.41997101925423976	1.704472738290177	2.2352100517275236	-1.078888600496692	-0.048004380695332016	0.047254040316898544	-1.0920335089976328	0.70755691853938776	1.1163403330224004	-0.060993984033497544	0.016898521816993928	0.14222877152210728	-0.285615998556679	-1.807297327521294	0.24218594947200624	-0.14007695986478694	0.0024485494051752532	0.12025229429463364	-0.16858765986269414	0.026083987690129924	0.053869466246690896	0.44594527033433168	0.026170930208045372	1.7923355080691196e-05	-0.27047186401560864	-1.3823174755215998	-0.68008610129607384	1.1208930929118038	-0.56327724251270752	-0.29804310248357092	-0.1751035081322071	-1.2130388749046128	-0.067572235903190792	-0.48065646671118408	1.1000997027923966	1.3321872744856416	-1.7427374857785934	2.002689024966444	1.5214786359952444	-0.84078528098356144	-0.244251082378779
2025-10-01	-0.7943136284790296	1.2047092839084314	-0.72803838914460912	-1.1155659234210086	0.1036149764569228	3.6140968031655616	0.036169765565550864	-0.62470536208287144	-1.0269443846342142	-0.0307776709582002	0.90571819809279232	2.5961585041829212	-1.1412126803689528	0.11784650950725966	-0.43176465567933544	-0.40124458362342512	0.1376286737273498	1.078836750286887	0.065803004723392472	-0.054788079792371128	0.25103671109812808	-0.53462949027776216	-1.3984907275629196	0.35577536294504324	-0.001509968689828054	0.028559423385555152	0.47854835652816472	-0.13251036800007582	0.033413544703863236	0.047654144558271736	0.41120608373339768	0.010924968855263102	-3.8691521183783944e-07	-0.27185125238248532	-1.6261051465901892	-0.57713364887247896	1.038914960362689	-0.20555907134503908	-0.43365491729944064	-0.17198751002401846	-0.3395787385353256	-0.17077972389953342	-0.14942524598597342	1.0709266949505188	1.2074459437324176	-1.7554639019175034	1.5564439573562692	1.635348519191612	-0.9600679435585616	-0.1666464209110502
2026-01-01	NA	NA	NA	NA	NA	NA	NA	NA	NA	NA	NA	NA	NA	NA	NA	NA	NA	NA	NA	NA	NA	NA	NA	NA	NA	NA	NA	NA	NA	NA	NA	NA	NA	NA	NA	NA	NA	NA	NA	NA	NA	NA	NA	NA	NA	NA	NA	NA	NA	NA
2026-04-01	NA	NA	NA	NA	NA	NA	NA	NA	NA	NA	NA	NA	NA	NA	NA	NA	NA	NA	NA	NA	NA	NA	NA	NA	NA	NA	NA	NA	NA	NA	NA	NA	NA	NA	NA	NA	NA	NA	NA	NA	NA	NA	NA	NA	NA	NA	NA	NA	NA	NA
2026-07-01	NA	NA	NA	NA	NA	NA	NA	NA	NA	NA	NA	NA	NA	NA	NA	NA	NA	NA	NA	NA	NA	NA	NA	NA	NA	NA	NA	NA	NA	NA	NA	NA	NA	NA	NA	NA	NA	NA	NA	NA	NA	NA	NA	NA	NA	NA	NA	NA	NA	NA
2026-10-01	NA	NA	NA	NA	NA	NA	NA	NA	NA	NA	NA	NA	NA	NA	NA	NA	NA	NA	NA	NA	NA	NA	NA	NA	NA	NA	NA	NA	NA	NA	NA	NA	NA	NA	NA	NA	NA	NA	NA	NA	NA	NA	NA	NA	NA	NA	NA	NA	NA	NA
