_date_	fexp1f	fexp2f	fexp3f	fexp4f	fexp5f	fexp1f_h	fexp2f_h	fexp3f_h	fexp4f_h	fexp5f_h
1995-01-01	NA	NA	NA	NA	NA	NA	NA	NA	NA	NA
1995-02-01	NA	NA	NA	NA	NA	NA	NA	NA	NA	NA
1995-03-01	NA	NA	NA	NA	NA	NA	NA	NA	NA	NA
1995-04-01	NA	NA	NA	NA	NA	NA	NA	NA	NA	NA
1995-05-01	NA	NA	NA	NA	NA	NA	NA	NA	NA	NA
1995-06-01	NA	NA	NA	NA	NA	NA	NA	NA	NA	NA
1995-07-01	NA	NA	NA	NA	NA	NA	NA	NA	NA	NA
1995-08-01	NA	NA	NA	NA	NA	NA	NA	NA	NA	NA
1995-09-01	NA	NA	NA	NA	NA	NA	NA	NA	NA	NA
1995-10-01	NA	NA	NA	NA	NA	NA	NA	NA	NA	NA
1995-11-01	NA	NA	NA	NA	NA	NA	NA	NA	NA	NA
1995-12-01	NA	NA	NA	NA	NA	NA	NA	NA	NA	NA
1996-01-01	NA	NA	NA	NA	NA	NA	NA	NA	NA	NA
1996-02-01	NA	NA	NA	NA	NA	NA	NA	NA	NA	NA
1996-03-01	NA	NA	NA	NA	NA	NA	NA	NA	NA	NA
1996-04-01	NA	NA	NA	NA	NA	NA	NA	NA	NA	NA
1996-05-01	NA	NA	NA	NA	NA	NA	NA	NA	NA	NA
1996-06-01	NA	NA	NA	NA	NA	NA	NA	NA	NA	NA
1996-07-01	NA	NA	NA	NA	NA	NA	NA	NA	NA	NA
1996-08-01	NA	NA	NA	NA	NA	NA	NA	NA	NA	NA
1996-09-01	NA	NA	NA	NA	NA	NA	NA	NA	NA	NA
1996-10-01	NA	NA	NA	NA	NA	NA	NA	NA	NA	NA
1996-11-01	NA	NA	NA	NA	NA	NA	NA	NA	NA	NA
1996-12-01	NA	NA	NA	NA	NA	NA	NA	NA	NA	NA
1997-01-01	NA	NA	NA	NA	NA	NA	NA	NA	NA	NA
1997-02-01	NA	NA	NA	NA	NA	NA	NA	NA	NA	NA
1997-03-01	NA	NA	NA	NA	NA	NA	NA	NA	NA	NA
1997-04-01	NA	NA	NA	NA	NA	NA	NA	NA	NA	NA
1997-05-01	NA	NA	NA	NA	NA	NA	NA	NA	NA	NA
1997-06-01	NA	NA	NA	NA	NA	NA	NA	NA	NA	NA
1997-07-01	NA	NA	NA	NA	NA	NA	NA	NA	NA	NA
1997-08-01	NA	NA	NA	NA	NA	NA	NA	NA	NA	NA
1997-09-01	NA	NA	NA	NA	NA	NA	NA	NA	NA	NA
1997-10-01	NA	NA	NA	NA	NA	NA	NA	NA	NA	NA
1997-11-01	NA	NA	NA	NA	NA	NA	NA	NA	NA	NA
1997-12-01	NA	NA	NA	NA	NA	NA	NA	NA	NA	NA
1998-01-01	NA	NA	NA	NA	NA	NA	NA	NA	NA	NA
1998-02-01	NA	NA	NA	NA	NA	NA	NA	NA	NA	NA
1998-03-01	NA	NA	NA	NA	NA	NA	NA	NA	NA	NA
1998-04-01	NA	NA	NA	NA	NA	NA	NA	NA	NA	NA
1998-05-01	NA	NA	NA	NA	NA	NA	NA	NA	NA	NA
1998-06-01	NA	NA	NA	NA	NA	NA	NA	NA	NA	NA
1998-07-01	NA	NA	NA	NA	NA	NA	NA	NA	NA	NA
1998-08-01	NA	NA	NA	NA	NA	NA	NA	NA	NA	NA
1998-09-01	NA	NA	NA	NA	NA	NA	NA	NA	NA	NA
1998-10-01	NA	NA	NA	NA	NA	NA	NA	NA	NA	NA
1998-11-01	NA	NA	NA	NA	NA	NA	NA	NA	NA	NA
1998-12-01	NA	NA	NA	NA	NA	NA	NA	NA	NA	NA
1999-01-01	NA	NA	NA	NA	NA	NA	NA	NA	NA	NA
1999-02-01	NA	NA	NA	NA	NA	NA	NA	NA	NA	NA
1999-03-01	NA	NA	NA	NA	NA	NA	NA	NA	NA	NA
1999-04-01	NA	NA	NA	NA	NA	NA	NA	NA	NA	NA
1999-05-01	NA	NA	NA	NA	NA	NA	NA	NA	NA	NA
1999-06-01	NA	NA	NA	NA	NA	NA	NA	NA	NA	NA
1999-07-01	NA	NA	NA	NA	NA	NA	NA	NA	NA	NA
1999-08-01	NA	NA	NA	NA	NA	NA	NA	NA	NA	NA
1999-09-01	NA	NA	NA	NA	NA	NA	NA	NA	NA	NA
1999-10-01	NA	NA	NA	NA	NA	NA	NA	NA	NA	NA
1999-11-01	NA	NA	NA	NA	NA	NA	NA	NA	NA	NA
1999-12-01	NA	NA	NA	NA	NA	NA	NA	NA	NA	NA
2000-01-01	NA	NA	NA	NA	NA	NA	NA	NA	NA	NA
2000-02-01	NA	NA	NA	NA	NA	NA	NA	NA	NA	NA
2000-03-01	NA	NA	NA	NA	NA	NA	NA	NA	NA	NA
2000-04-01	NA	NA	NA	NA	NA	NA	NA	NA	NA	NA
2000-05-01	NA	NA	NA	NA	NA	NA	NA	NA	NA	NA
2000-06-01	NA	NA	NA	NA	NA	NA	NA	NA	NA	NA
2000-07-01	NA	NA	NA	NA	NA	NA	NA	NA	NA	NA
2000-08-01	NA	NA	NA	NA	NA	NA	NA	NA	NA	NA
2000-09-01	NA	NA	NA	NA	NA	NA	NA	NA	NA	NA
2000-10-01	NA	NA	NA	NA	NA	NA	NA	NA	NA	NA
2000-11-01	NA	NA	NA	NA	NA	NA	NA	NA	NA	NA
2000-12-01	NA	NA	NA	NA	NA	NA	NA	NA	NA	NA
2001-01-01	NA	NA	NA	NA	NA	NA	NA	NA	NA	NA
2001-02-01	NA	NA	NA	NA	NA	NA	NA	NA	NA	NA
2001-03-01	NA	NA	NA	NA	NA	NA	NA	NA	NA	NA
2001-04-01	NA	NA	NA	NA	NA	NA	NA	NA	NA	NA
2001-05-01	NA	NA	NA	NA	NA	NA	NA	NA	NA	NA
2001-06-01	NA	NA	NA	NA	NA	NA	NA	NA	NA	NA
2001-07-01	NA	NA	NA	NA	NA	NA	NA	NA	NA	NA
2001-08-01	NA	NA	NA	NA	NA	NA	NA	NA	NA	NA
2001-09-01	NA	NA	NA	NA	NA	NA	NA	NA	NA	NA
2001-10-01	NA	NA	NA	NA	NA	NA	NA	NA	NA	NA
2001-11-01	NA	NA	NA	NA	NA	NA	NA	NA	NA	NA
2001-12-01	NA	NA	NA	NA	NA	NA	NA	NA	NA	NA
2002-01-01	NA	NA	NA	NA	NA	NA	NA	NA	NA	NA
2002-02-01	NA	NA	NA	NA	NA	NA	NA	NA	NA	NA
2002-03-01	NA	NA	NA	NA	NA	NA	NA	NA	NA	NA
2002-04-01	NA	NA	NA	NA	NA	NA	NA	NA	NA	NA
2002-05-01	NA	NA	NA	NA	NA	NA	NA	NA	NA	NA
2002-06-01	NA	NA	NA	NA	NA	NA	NA	NA	NA	NA
2002-07-01	NA	NA	NA	NA	NA	NA	NA	NA	NA	NA
2002-08-01	NA	NA	NA	NA	NA	NA	NA	NA	NA	NA
2002-09-01	NA	NA	NA	NA	NA	NA	NA	NA	NA	NA
2002-10-01	NA	NA	NA	NA	NA	NA	NA	NA	NA	NA
2002-11-01	NA	NA	NA	NA	NA	NA	NA	NA	NA	NA
2002-12-01	NA	NA	NA	NA	NA	NA	NA	NA	NA	NA
2003-01-01	NA	NA	NA	NA	NA	NA	NA	NA	NA	NA
2003-02-01	NA	NA	NA	NA	NA	NA	NA	NA	NA	NA
2003-03-01	NA	NA	NA	NA	NA	NA	NA	NA	NA	NA
2003-04-01	NA	NA	NA	NA	NA	NA	NA	NA	NA	NA
2003-05-01	NA	NA	NA	NA	NA	NA	NA	NA	NA	NA
2003-06-01	NA	NA	NA	NA	NA	NA	NA	NA	NA	NA
2003-07-01	NA	NA	NA	NA	NA	NA	NA	NA	NA	NA
2003-08-01	NA	NA	NA	NA	NA	NA	NA	NA	NA	NA
2003-09-01	NA	NA	NA	NA	NA	NA	NA	NA	NA	NA
2003-10-01	NA	NA	NA	NA	NA	NA	NA	NA	NA	NA
2003-11-01	NA	NA	NA	NA	NA	NA	NA	NA	NA	NA
2003-12-01	NA	NA	NA	NA	NA	NA	NA	NA	NA	NA
2004-01-01	NA	NA	NA	NA	NA	NA	NA	NA	NA	NA
2004-02-01	NA	NA	NA	NA	NA	NA	NA	NA	NA	NA
2004-03-01	NA	NA	NA	NA	NA	NA	NA	NA	NA	NA
2004-04-01	NA	NA	NA	NA	NA	NA	NA	NA	NA	NA
2004-05-01	NA	NA	NA	NA	NA	NA	NA	NA	NA	NA
2004-06-01	NA	NA	NA	NA	NA	NA	NA	NA	NA	NA
2004-07-01	NA	NA	NA	NA	NA	NA	NA	NA	NA	NA
2004-08-01	NA	NA	NA	NA	NA	NA	NA	NA	NA	NA
2004-09-01	NA	NA	NA	NA	NA	NA	NA	NA	NA	NA
2004-10-01	NA	NA	NA	NA	NA	NA	NA	NA	NA	NA
2004-11-01	NA	NA	NA	NA	NA	NA	NA	NA	NA	NA
2004-12-01	NA	NA	NA	NA	NA	NA	NA	NA	NA	NA
2005-01-01	NA	NA	NA	NA	NA	NA	NA	NA	NA	NA
2005-02-01	NA	NA	NA	NA	NA	NA	NA	NA	NA	NA
2005-03-01	-0.12612188349705788	-0.38512230512217352	-0.35831464125715084	-0.13143207474490474	-0.44904954288810552	-0.11288342121154518	-0.26625128828020112	-0.2939104392799422	0.081570049903119968	-0.38119290990762888
2005-04-01	-0.12904048927521206	0.033284518057597696	-0.061618068070665056	0.5410431254353132	-0.38139548270283328	-0.12732138741715052	-0.10967387062669898	-0.1139354225220978	0.12901727293026142	-0.45774993151237384
2005-05-01	-0.13620180087001204	-0.031769820356475396	-0.080765005443509632	-0.083493624929082656	-0.60669256467523992	-0.15499781590826856	-0.07196746981516924	0.0016353922585378776	-0.036537628690621856	-0.6021635860975956
2005-06-01	-0.12823944267182274	-0.050415849202588224	0.3516798575676836	-0.35628510957016456	-0.68902608330353056	-0.21087027082847356	-0.12904471400328766	0.040715157536188864	-0.2160709271025028	-0.80593605783422976
2005-07-01	-0.37790443166827288	-0.43191979161270128	-0.27658118483274048	-0.5632890297695988	-1.1009710635174224	-0.29110030128308312	-0.21662058189003596	-0.091183371916968304	-0.25751489068681504	-1.0650985094708572
2005-08-01	-0.36895853982643384	-0.27275382834239808	-0.216582234117919	0.20476292219936344	-1.3350013408082078	-0.30921862822076408	-0.19178118737369672	-0.17758274129726236	-0.14901597029265406	-1.2587721292253578
2005-09-01	-0.215525530942466	0.21765795579662548	-0.27002820081018296	0.10922976646024344	-1.4969732340065038	-0.26556010297537304	-0.12691185407521758	-0.18740330871679424	-0.18449475585189916	-1.3019506593621774
2005-10-01	-0.19071236600302328	-0.30412437481009256	0.045901492328141768	-0.9674240186668792	-1.0837368339601158	-0.22019948848643616	-0.17537054658424756	-0.12856492510832138	-0.30409294480441196	-1.1858570537286126
2005-11-01	-0.10967769478368936	-0.23420560905757908	0.0080266607284503472	0.13625723864332496	-1.0047074660542234	-0.18317697566057268	-0.14594541961859264	-0.091612333497990048	-0.15422771227791158	-1.0967368408162856
2005-12-01	-0.29537850265907384	-0.083895835889413856	-0.39808959174726488	-0.18556613575685312	-1.0115922985407408	-0.13504563292098886	0.02382154387809634	0.0073761405245167152	-0.044647307262584136	-1.1187153293483222
2006-01-01	0.047924911352227968	0.24639955976403932	0.43032645923453864	0.3233197161553978	-1.2632981897220664	0.017140752185992366	0.30812817152318196	0.35196116559595612	0.0053849721726204992	-1.2438884532857868
2006-02-01	0.1549099722555727	0.75044924053260016	0.65825428434797784	-0.15825652606072448	-1.4835304292776892	0.20599552237596304	0.57345491116651648	0.72023767808130392	-0.1643130005355165	-1.3572291157821618
2006-03-01	0.53673170498027664	0.96067524328507952	1.3988798167147476	-0.21528961850891704	-1.331628353750512	0.39491617953075088	0.6245535988988096	0.9686659079841176	-0.39598860796743672	-1.3631199564272082
2006-04-01	0.44866187906500376	0.097099457881554928	0.79409972835493088	-1.4885956839372538	-1.2748939214198032	0.49621467541179312	0.4431704001768552	0.89172269157462896	-0.52583275822878984	-1.2922449283062154
2006-05-01	0.54398664151395704	0.25479939886402796	0.75637954891710496	0.4111742303113148	-1.198301348488751	0.56401848723005264	0.3471731248437168	0.71409877385370048	-0.20933736996670556	-1.1437963818277766
2006-06-01	0.58113457921599224	0.57336818473701904	0.1114680819555949	0.23122104424260288	-1.0484760548511974	0.6049022958497036	0.30835864044715756	0.56286193660249616	-0.064757287536777536	-0.89961566051407296
2006-07-01	0.71667217328116416	0.033321942333258796	0.92374764617107968	-0.61754218251223272	-0.3440609219622564	0.60540893641882384	0.20615008855525212	0.6073607366655848	-0.089835755016579248	-0.59604907454826048
2006-08-01	0.54200613996736744	0.20131018548357888	0.7023310730029124	0.41103291062088712	-0.4787618441864072	0.52831352745178016	0.18498015502593644	0.56554987624063344	0.013662315295696262	-0.41830332845062088
2006-09-01	0.289057581916292	0.12239850597693946	0.12762006417212668	-0.34762340456842988	-0.18160794547807092	0.44765442432528	0.21645337949515304	0.47177096703080504	0.016265583606202502	-0.299596974155431
2006-10-01	0.55079182427986328	0.4670863212323144	0.7603665113090208	0.54622845302826336	-0.42315601395913096	0.4511625949316172	0.2885043320564868	0.49714681750154104	0.085873305446283856	-0.23360707933275436
2006-11-01	0.35613937434843816	0.1629450059424	0.2431691966992694	-0.4672662585759908	-0.034403150885345768	0.46797216475409824	0.29501270928530908	0.46864933325960432	0.026495748172652296	-0.096021682975294144
2006-12-01	0.59716808888440776	0.29397647712776916	0.74298866007840624	0.35699811550788268	-0.059720604528606376	0.52684648862427544	0.30844019693281876	0.4764701137192376	0.10249832672399932	0.047922241297869664
2007-01-01	0.50307050261354448	0.4820889233009096	0.14444897929365524	0.19831392235938808	0.24622475165499484	0.54471613096804096	0.2691807774073056	0.38532062173434904	0.084484449290373376	0.1946062519576056
2007-02-01	0.6427567652457364	0.04835782371356152	0.51995373503694744	-0.15937134801993668	0.4254453582959776	0.50883325647141944	0.1031647133120098	0.32643086651801556	-0.0024426871542936928	0.23276906164830612
2007-03-01	0.38237966529674416	-0.1354443633134671	0.16264307768294304	-0.066712038119255152	0.10217718592167322	0.36480440146593904	-0.050769586856224864	0.19015921484262004	-0.01935041256705536	0.1027678827117528
2007-04-01	0.16928704693253772	-0.062976047950840736	0.034367275692777104	0.18409732349512812	-0.20478999501493804	0.1921596110574448	-0.10859060419900264	0.060386901999477088	0.015765282229391882	-0.062363775862601088
2007-05-01	0.0027574494078591616	-0.19526956349072176	0.0042877698362947008	-0.1980162818246236	-0.20747117585522828	0.088004194182586864	-0.070941596275170088	-0.006520973879775828	0.037546780860151776	-0.13018310187538192
2007-06-01	0.034122053382028896	-0.014067484506544734	-0.040075293610369656	0.13472613388413022	-0.00031127890020035688	0.12657089565310864	0.10714873560458806	0.0197810590297989	0.1489685082160643	-0.1106735022795531
2007-07-01	0.26745414375925904	0.55198997968577344	0.029229232386485712	0.571458664014282	-0.17337876619578574	0.2968457155060258	0.34632372291403552	0.18044721626920936	0.21744182650319412	-0.091106458007924368
2007-08-01	0.61406069456286936	0.56735359490182144	0.49713313438683712	-0.039052385119910824	-0.028758217005214916	0.4953658115072744	0.44601047701580312	0.45677536073929496	0.09613572359567168	-0.048391226613952704
2007-09-01	0.65733534527585368	0.24183139778195064	0.8833753849182992	-0.26274593734534996	0.0087140827374356528	0.58927676967602384	0.41130236604426	0.6788453714581716	-0.0077639751212843392	-0.04170937383895644
2007-10-01	0.53551027585079528	0.3650902638642804	0.67299251577130816	0.28098468545620652	-0.026794493151855572	0.56441905908703824	0.36863587601979368	0.71709490109149744	-0.022259552978037904	-0.11060945581551618
2007-11-01	0.54800776719377144	0.62170100958029832	0.6668759036298316	0.061938798835102248	-0.32984361994066392	0.47469172441491264	0.2749765247004824	0.64649161576505864	-0.1303352555290185	-0.24421657209982032
2007-12-01	0.30970432928075912	-0.25674307914553424	0.56806902965935048	-0.9854900242689768	-0.2286842250466284	0.34508502709799864	0.083744217688891648	0.49790079628445224	-0.2117310898944112	-0.34784085958439688
2008-01-01	0.1479500266679683	-0.15896708438022478	0.34997604952520156	0.40812858545063616	-0.56423540220113896	0.27390527135350672	0.0950833454674024	0.3225720113200482	0.04608699116971976	-0.41241950300261728
2008-02-01	0.24781863500343428	0.69401232748245592	-0.14205080880299218	0.61722863518006864	-0.44837588256920688	0.324078063581408	0.26865100168396992	0.24192306291711456	0.18189410053274436	-0.30973305255008492
2008-03-01	0.4618800026207476	-0.038944462582531408	0.35815719375560172	-0.74263061665530816	0.13232397029514886	0.43257376549613504	0.3100538501389224	0.4047757913260728	0.096506945344949088	-0.0633779576209248
2008-04-01	0.64374727095268448	0.63503070078619576	1.0001400676887978	1.2806346026624104	0.075045406409407232	0.4601033102341468	0.35025988043107392	0.57597816507723744	0.12607676740394466	0.16440650237161624
2008-05-01	0.32220665570048584	0.5400824426420592	0.28877129092853992	-0.74427551458502256	0.34700334500697628	0.29668386805651504	0.1712387694377849	0.47375955513045224	-0.23238275349291544	0.40708297593036496
2008-06-01	0.049987829820664232	-0.79533761841434464	0.66398538898311864	-1.2103900282819934	0.87149844837054832	0.015976569942849312	-0.16026898560846228	0.24051123505712152	-0.32730010228981188	0.6087530155959392
2008-07-01	-0.52715395561117616	-0.26626220739249796	-0.50697198694844888	0.89646407484367936	0.40372205907251056	-0.28283466548326984	-0.208679214270911	-0.16636378577326288	-0.018996525023032548	0.653438542985568
2008-08-01	-0.68467049589086816	-0.1867596640564556	-1.007142422703153	-0.37792045019770184	0.93531790553063936	-0.46655465972044712	-0.17347637891868708	-0.365988344065212	-0.05088319372104716	0.6879069124910896
2008-09-01	-0.37887235751194336	0.067327446943871552	0.19003852701642628	0.4035379926240216	0.39459535691509928	-0.64630752439519376	-0.31172793504250328	-0.31809347769842288	-0.25091068054561344	0.60920899459128456
2008-10-01	-0.96284208021949136	-0.57793823787914112	-0.58275355045667456	-1.0474112076928646	0.60428726044548984	-1.151333207304442	-0.89378462327084112	-0.62356430319053376	-0.77406681413514384	0.56180665280448352
2008-11-01	-1.8982078579934864	-2.1954413611644352	-0.92285911403388496	-1.7873888125328124	0.63473193438254416	-2.0434364893618744	-1.8109418022458072	-1.3751539323443334	-1.1208907499584162	0.47554811297283176
2008-12-01	-3.2129701250495836	-2.4756993463548668	-2.631791490042522	-0.30746165288898104	0.13215478988528406	-3.1959310243962232	-2.638648445217808	-2.6248047242287508	-1.0652660370419284	0.3227622085794814
2009-01-01	-4.438396764512928	-3.393461368104356	-4.3154438054731704	-1.5864250294096926	0.29925224253915996	-4.336901834867832	-3.33685308435588	-3.972164219602268	-1.0475742869865756	0.23496159451729696
2009-02-01	-5.3339866870019152	-4.225288556571628	-4.8963931398723408	-0.9664185009011376	0.1141059601051474	-5.211473043890404	-3.7025551529661184	-5.0238667250371368	-0.75039272724030544	0.1530515069849455
2009-03-01	-5.8557589126056992	-3.2609206948239568	-5.9521182010979048	0.590706811146368	0.041127086626622896	-5.6662637042227384	-3.5893623681030968	-5.7298261329765104	-0.395149327674184	0.082227830202957376
2009-04-01	-5.6760206624783536	-3.2247266353120536	-6.176704495855636	-1.1202456795986376	0.14794660968616636	-5.6704065117351504	-3.3736158504268992	-5.9124827506987488	-0.41929783182010928	-0.011259098487935288
2009-05-01	-5.2979841566737792	-3.472000686845496	-5.3675263634021528	-0.47318678230220832	0.040770210901517112	-5.3825293706809184	-3.1032150473184696	-5.6165689536036064	-0.27443584438942776	-0.20225968532333476
2009-06-01	-4.9766246129266368	-2.4523480031534724	-5.3182427607462136	0.73053595437902544	-0.83089528478807056	-4.966874336056528	-2.6771701910439088	-5.1510388622477272	-0.11310881787201406	-0.40641862836474168
2009-07-01	-4.3864171637464632	-2.06689531557987	-4.4466814792406432	-0.6558758300950904	-0.29786527337506796	-4.5031382488513184	-2.3632771533963436	-4.5758040069863008	-0.28661314267052328	-0.29635072944880504
2009-08-01	-3.8737095685097512	-2.1922766614328376	-3.6006211370770496	-0.4779768483526004	-0.095300009032582512	-4.0807682269247408	-2.2045096182784648	-4.1179798166730096	-0.30260043693657112	0.030852553164497204
2009-09-01	-3.817679208702348	-2.311442251833958	-4.1014280336420072	-0.3688822937627776	0.75408099123802592	-3.6724903030313952	-1.947459431776492	-3.8755591924158736	-0.037985006246340512	0.47658521728892424
2009-10-01	-3.2191883356471556	-1.503470264600677	-3.6014558200884192	0.73839774918016672	0.79387969633257264	-3.0439718515108904	-1.326485483131018	-3.4291763557269564	0.45494243240795632	0.81608869854115568
2009-11-01	-2.277990406025908	-0.34459398123889872	-2.9425018083345712	0.98593423759787408	1.0314956578404362	-2.1060691523737904	-0.43992948164010056	-2.5853343693444568	0.79299387451767024	1.1021002064869728
2009-12-01	-0.83036750930423328	0.62669361479705712	-1.227751392465572	0.96979323587523584	1.4043679105099032	-0.94485496976692368	0.43688208192854224	-1.322815760368038	0.87643663234636256	1.3651479484835738
2010-01-01	0.25521432949326172	1.1205463079570892	0.11863909511728754	0.560636034901692	1.6473180087120476	0.18167667851076392	1.1239582172083944	0.022429505112523696	0.79847838123779888	1.5651555832416218
2010-02-01	1.1594046931209828	1.5063647441893028	1.336913634750618	0.73628593555208	1.6924460404455154	1.1300192351230158	1.631119466701454	1.209515828909916	0.74568340006461744	1.7012667314981086
2010-03-01	1.9401117728225052	2.3050941642522068	2.0805632270278972	0.97633715251874544	1.474012844932858	1.8302037937160736	1.9647744636584148	2.0937672028415904	0.66677362136334992	1.8547874394604532
2010-04-01	2.1937644091698572	1.7521593705212294	2.7358527544867856	-0.11102349645492304	2.3234161466819508	2.2416469059341468	2.0065771188178192	2.6579054245657016	0.50107351315799064	2.0982030622834816
2010-05-01	2.5310794351929728	1.9981167463929756	3.103917960228466	1.1380747784737502	2.2124212586412176	2.4336731025278744	1.9785010435120028	2.871448315926712	0.49747107462792976	2.123224360594426
2010-06-01	2.311077620451524	2.075188284191766	2.4487922557937432	0.03967560065459716	2.0980625067383192	2.4277244174836096	1.8481021007767116	2.7818610286901676	0.29275729533964396	1.846775179418988
2010-07-01	2.4216882600501804	1.3172574784287452	2.853317049205052	-0.044321800353509144	1.185868083319113	2.3426492174528048	1.6025518565286648	2.6690783589233704	0.16432686870543046	1.274976261829663
2010-08-01	2.1548130498151132	1.608117346092178	2.4066683918106704	0.570464766518364	0.52329024135932288	2.180649072054828	1.456108060099635	2.4799663297971968	0.13649279345253942	0.66523567821827736
2010-09-01	1.9767583609935676	1.3110953765229294	2.2638254367002556	-0.34138935784133588	0.14889650185709774	2.0229645935064248	1.3377340827214774	2.345629654764208	0.024919399249281788	0.18585332046610804
2010-10-01	1.926614640105418	1.1073821337490322	2.3964149777806168	-0.015899602199406524	-0.13660607353358794	1.9250003717846244	1.3284025816185908	2.3238751092904376	0.079242988829792944	-0.13681635640452242
2010-11-01	1.8596940417239504	1.6544728243961742	2.2026833513386944	0.55937062459479112	-0.44283240312441712	1.8959547643535996	1.4824475078168254	2.390705250777968	0.18279110783759068	-0.31337571598030156
2010-12-01	1.8347754770940696	1.3673127984051634	2.5232403215717724	-0.29386481157731004	-0.21643196321348784	1.9466403969983164	1.6331823644724736	2.5946625051190604	0.1237487108869933	-0.35421683897698252
2011-01-01	2.1528124370632388	2.0446000402582488	3.0413097983752516	0.7051238435167132	-0.48067436001828488	2.0516091728740916	1.7859459713211764	2.7962673987667028	0.0668802693495196	-0.39918849325443408
2011-02-01	2.0944727506387852	1.9914446499892656	2.645872739168344	-0.5651845294983556	-0.37372564954767952	2.0735480752319932	1.680207582031265	2.7846182746265948	-0.24066326786761484	-0.45035457090903056
2011-03-01	2.099360461576692	1.0130127054911508	3.0188503762166064	-0.63017408347502288	-0.33871192274175412	1.976347351512238	1.3140905192081424	2.5938558752129876	-0.4134873776900008	-0.5912648308009972
2011-04-01	1.7158757721546544	1.043771585922013	1.9037958236819012	-0.1978091425125392	-1.039160174239226	1.744821924561835	0.99695517341521264	2.1193754075818812	-0.39071879867397016	-0.82884011042920864
2011-05-01	1.4339755333854142	0.78096396449626352	1.5663229904864424	-0.4335972461752508	-0.99900786362396656	1.4867998272922474	0.73708412149888864	1.6815665797928966	-0.32817097516087672	-0.91744833923329696
2011-06-01	1.2810313662503532	0.32706466874046956	1.41719606296231	-0.25056173350442012	-0.95693497708834864	1.2811629402077578	0.58957635281238384	1.385239516005672	-0.18874769533064404	-0.82177751046291136
2011-07-01	1.02114741990611	0.60209073365525224	1.0921894809495314	0.0038871015830290696	-0.38239204572959688	1.1539688499058168	0.65341069970628696	1.2199607510733926	-0.04077901837756932	-0.58807514175837136
2011-08-01	1.1114797688640548	0.97810571744067648	1.1584632293371408	0.3361560929252066	-0.51981589685488272	1.1311435690264704	0.76505431045927248	1.2072533668058804	-0.014409041669726202	-0.3977462173854336
2011-09-01	1.2166085798429102	0.85191211688402704	1.324904123999834	-0.41738723720171608	-0.1335987324289773	1.1057916802100586	0.70965436729898032	1.2408691748890978	-0.19511574261458984	-0.22651262558108036
2011-10-01	1.0425334859490356	0.37606655382308936	1.3307749206298474	-0.5024616584854504	-0.10154907225070084	0.95135396593450624	0.4854094594344552	1.1657698495402674	-0.31781196402470268	-0.1721659340517431
2011-11-01	0.63288252577824088	0.20651771136914044	0.88671975835596224	-0.095312911563381504	-0.21800831668104176	0.65208810831058992	0.23277592565978832	0.91095201408734816	-0.33968204329973324	-0.2395838173517504
2011-12-01	0.26778699322881176	0.037667118591675448	0.5168319608706388	-0.47810684145075448	-0.42689639068675272	0.28343130946361576	-0.01713280084229498	0.57041736294787952	-0.40256001230009784	-0.36302708823438848
2012-01-01	-0.095570685886599072	-0.28436278816894124	0.2824573796851294	-0.524459192390348	-0.49377066664282264	-0.0983848110134588	-0.25946150117971704	0.21393533480801544	-0.4039107711498612	-0.4551810587822352
2012-02-01	-0.43813938102134168	-0.44080704828739832	-0.18600025346216992	-0.18596146935388124	-0.49021911881680112	-0.45277294976248008	-0.43455503702642992	-0.14231003372333112	-0.31674604912374464	-0.49260034353023264
2012-03-01	-0.73804462254762496	-0.507687487576586	-0.45662607470220632	-0.3103643489960858	-0.50458039649648744	-0.73633167829843504	-0.5076595570456096	-0.41361266116013304	-0.2346259967369564	-0.49042916487391016
2012-04-01	-0.964603640995404	-0.63195142650569128	-0.53006177776410592	-0.2056337706918128	-0.38552122421511456	-0.89102599939517184	-0.45027322116140072	-0.55895668575520216	-0.12032618473484128	-0.4614305204953664
2012-05-01	-0.96249031133962144	-0.23019100232702948	-0.66747322599996616	0.18525367244678964	-0.52175147902406584	-0.86053386007572928	-0.2339221198289242	-0.58033965930342376	-0.012360536121873518	-0.43251863969927704
2012-06-01	-0.67511956070359728	0.17486074055707548	-0.54191252725400528	-0.02268822142626762	-0.3163044785705192	-0.66211084896337704	-0.01181054884759146	-0.45086422560858704	-0.034550559859498876	-0.35469845551006652
2012-07-01	-0.34942699681116864	0.03714752509312764	-0.15040896990179922	-0.2486094101652636	-0.3368503371139648	-0.414969005945278	0.066588313485080864	-0.23076659517102316	-0.11310355634049992	-0.268207740276948
2012-08-01	-0.13950850870387476	0.15702560587198624	0.08236752280606168	0.037406730667086816	-0.12386329336165236	-0.25132908264881516	0.038472578276243096	-0.071331280136481992	-0.16236448752442798	-0.17489028940958734
2012-09-01	-0.24787529732082268	-0.22109281876814776	-0.16418546415580068	-0.61919371705648008	-0.081071943480762192	-0.23786982156726208	-0.088400431758907632	-0.043485167381489472	-0.23218416919559808	-0.14523249515466722
2012-10-01	-0.24859808141128968	-0.11458255469771374	0.11575749685008852	0.27672732336629848	-0.21143805818103888	-0.32944939124895212	-0.18772036630943104	-0.064456340840027856	-0.1726421989468106	-0.19869375371093544
2012-11-01	-0.56141568571990864	-0.288776044483391	-0.35800820855924588	-0.5034818333299592	-0.29341546308264244	-0.4909314359957792	-0.26586926207362704	-0.17217318122039064	-0.22082772223174796	-0.29057290960323484
2012-12-01	-0.59834034639800856	-0.38009268258675496	-0.040930234775936512	-0.22209962362996336	-0.40885238853813808	-0.60632829027197544	-0.2560913441380784	-0.22435023154075496	-0.16446036219098342	-0.38891311182651168
2013-01-01	-0.69900131214065544	-0.036216074804954768	-0.45102023568467096	0.17616226710821312	-0.4858561881390212	-0.63013653826590208	-0.11453761999913162	-0.26453706215815336	-0.073913853063301824	-0.46460006285511992
2013-02-01	-0.54843828163439448	0.033836230129792164	-0.1453399611020549	-0.24464142247232232	-0.50314165404035384	-0.50886482029195368	0.07863956439818992	-0.15286324666480012	-0.077201190526467744	-0.50845874187503992
2013-03-01	-0.34951780604332272	0.097055171240578976	0.0096226453942022944	-0.2602279372946432	-0.53885800787663992	-0.25788655053927844	0.3216094083030398	0.064058467820572968	-0.05225925008673088	-0.53257025335615352
2013-04-01	0.079048440092302592	0.87917683661601552	0.32245443859584312	0.5751904636089796	-0.5971845789829748	0.067851395460534704	0.56773777669617384	0.34713861974197912	-0.044465139196195472	-0.54369861393365704
2013-05-01	0.4335185254882072	0.69763804497744864	0.53692456663500296	-0.617679021920686	-0.47319461126136096	0.3217708866718526	0.54583629749588704	0.60285192511706096	-0.30716465251487812	-0.55489559476323312
2013-06-01	0.61362187945902904	0.32074787227112332	1.1613740599786416	-0.49343879432083096	-0.57352722308058904	0.36849083669080992	0.296155658540316	0.71298891881732496	-0.4740479818976204	-0.632698932049882
2013-07-01	0.092167161120450208	-0.2203575960344904	0.35422811265826332	-0.74584997324470384	-0.72353128822430192	0.18437779792989616	0.0107482951491594	0.4934127772322196	-0.489319688605072	-0.76194537849673232
2013-08-01	-0.12087211559378744	-0.30828104520680712	0.151344086274053	-0.22131221567241144	-0.9191631515814152	-0.00907063443018028	-0.093741143627076912	0.2083718179125104	-0.31657514632109344	-0.8682999778376192
2013-09-01	-0.19229375759350888	0.20626044624926252	-0.1913588371961456	0.2134616452108166	-1.006867733595482	-0.082567502018156848	-0.031773899921536884	-0.017070306164993232	-0.17594001336917714	-0.83901368353394864
2013-10-01	0.04254985073737652	0.099207526723646272	-0.022961311728183652	-0.44412562146453336	-0.67736086329714096	-0.018627327626378228	-0.032351117447094584	-0.11487767366193928	-0.19227701742413348	-0.61220062279092192
2013-11-01	0.11658286855927898	-0.28707947809519228	-0.047711858392834288	-0.3844537214121248	-0.12852414234486854	0.09050911037745904	-0.086439593745824704	-0.19130289427112796	-0.10104722758077918	-0.29382897287527356
2013-12-01	0.14892139830591674	-0.11968751574493736	-0.4491577989629216	0.4024637283742248	0.0083305982758824784	0.21377821198941312	-0.05344748218906108	-0.26068221575160388	0.11043968302566906	-0.055027151559957368
2014-01-01	0.32945175270928844	0.10571014308058646	-0.36240467053118832	0.25045082608997588	0.062566634592258944	0.34619013538736204	0.0065771795024947944	-0.19376084998411828	0.17146754742864894	0.09838125391247768
2014-02-01	0.56888400602797608	0.14797846929466102	0.15698890101052356	0.17164594717327896	0.10065019907233802	0.41789822506568776	-0.032653679947734952	-0.04975959206073988	0.10334424401015402	0.22393040613532264
2014-03-01	0.38934433434028304	-0.2296765726527386	0.14246038017819166	-0.1790369412242754	0.5012894117920508	0.3423174428406986	-0.19829516823823644	-0.056543057620607784	0.0063609298135048824	0.34333984838164976
2014-04-01	0.1731843091515122	-0.45739297278903736	-0.21770937036077448	-0.068762347200391872	0.33300277956501816	0.18384853149099124	-0.33687024382509996	-0.23522736923159756	0.049110465045147072	0.35504891686154688
2014-05-01	-0.034426288199658156	-0.35439828040717964	-0.59249142977991528	0.25722653358606012	0.3730808406203972	0.053919125294746776	-0.326283269578918	-0.40792521166278536	0.21478783887374584	0.31544651119550304
2014-06-01	-0.057944698335848312	-0.38134505938368	-0.55798106942760896	0.35411112493890388	0.13116408040794902	0.053292636190667632	-0.16496133733422042	-0.37923127081242448	0.36871522822242744	0.25887539370747892
2014-07-01	0.24429250989055416	0.42539110259183168	-0.0019825398735202892	0.90541685105305296	0.21102204178655864	0.19438706262305112	0.12055345024620104	-0.13830645069589828	0.4186535047266324	0.2773126561463292
2014-08-01	0.33374063635437588	0.22086744846793496	0.027105150893893356	-0.39177809763316504	0.4297542867315396	0.37838306850967864	0.28733526845009504	0.14693854605622502	0.25775943673827784	0.33502407696137876
2014-09-01	0.67377350608855336	0.36417266595362504	0.73625960398349696	0.60715238973442632	0.34776545654972808	0.55636676503583496	0.39729594491084096	0.44491692763575536	0.26595313893570144	0.32998482024218188
2014-10-01	0.56823074740379224	0.52422284485579104	0.28574181178074808	0.15922820121785856	0.27599073510350012	0.63478183123150176	0.445879487279658	0.60420850707217096	0.17361719162579802	0.25490025984845376
2014-11-01	0.75535583244155952	0.39834787502755856	0.99457388615909712	0.022108255900239468	0.14307463477204338	0.63747868717937928	0.39540662425054976	0.76473577374269216	0.052333425914187336	0.12025640594745584
2014-12-01	0.59882085636163128	0.48741390284515656	0.858882784159776	0.1500628275287036	-0.12023798095559248	0.52175666913445864	0.286541442093653	0.74795452173311632	-0.040705317501450304	-0.04237025603850404
2015-01-01	0.27877380779055484	-0.13045772553900628	0.60501322416994776	-0.67243494332652344	-0.1281021452196805	0.3627922586139112	0.16288927785611296	0.60515865754564576	-0.078531367937382496	-0.17858501186253048
2015-02-01	0.14097428043660846	-0.060562192822276544	0.34114250440738324	0.3029646321902074	-0.23606420619364844	0.31282612436208124	0.26892792933657872	0.49857035010914352	0.15659109032027704	-0.31186087219481652
2015-03-01	0.36684948587462728	0.95461039452001552	0.26158940329986464	0.94145963080255776	-0.60466462094522592	0.44008048429995672	0.55578819093858024	0.59026633497677384	0.2884942975962736	-0.4151879810627052
2015-04-01	0.80609821189084624	0.84734116009433056	1.0807000684865686	-0.21659485277390396	-0.31321780664272732	0.64092571242305288	0.64511073490679208	0.8848955019999408	0.087384036085282896	-0.38575981649237192
2015-05-01	0.83364448680752768	0.26293290434837164	1.3845036541037282	-0.46861882481616552	-0.3076671474128138	0.73850118430155536	0.557358437067324	1.0584298093531394	-0.023568578811735156	-0.31024649639251316
2015-06-01	0.62234150325838448	0.50207074568573496	0.83479587219837296	0.44763678613078448	-0.1828299914585224	0.72111877497344384	0.51522459843382488	0.9826457816974928	0.07482867944699264	-0.20277612882218028
2015-07-01	0.71078932787758096	0.72202980970539376	0.725068878014924	0.27950690400246208	-0.20957676845429596	0.6722336619826692	0.4469769873009908	0.8553937884447136	0.056717791398809072	-0.07489747286072544
2015-08-01	0.64129247166537792	0.12155837488555588	0.89335966110584256	-0.52749111914738992	0.23308692199840588	0.57652375115812352	0.2677295192154286	0.72667428950739408	-0.0309511557351511	0.081786849776156752
2015-09-01	0.43593594302861264	0.061234315077638904	0.61625416107725032	0.31171565214172908	0.13850753607229394	0.4572226142236108	0.16764893212814768	0.51616283436833752	0.08156103786989984	0.14099492177920134
2015-10-01	0.2468213789592266	0.14157216766363564	-0.009284379604405424	0.062502679730247536	0.2353564914288384	0.40233254341019	0.190730819660285	0.3102203441087954	0.16745360862651084	0.1277448980613925
2015-11-01	0.50118192271870368	0.34354959705882276	0.35298928742917768	0.45907085913966104	-0.01867890848518078	0.47856915975392136	0.27455615838246884	0.29529906651893236	0.2300804072190602	0.064567547828806968
2015-12-01	0.606210973209984	0.38590688275408464	0.29018501333532056	0.087426027021039904	-0.050599041538071264	0.59713691983990216	0.30754727286867804	0.33834652567571244	0.16784435543566286	0.081605233654967456
2016-01-01	0.76543183948350096	0.2581174151332352	0.57348888501097672	0.043325384302709904	0.21534615872062812	0.69185304321801176	0.24711992636924544	0.36400046656634528	0.10813882698503464	0.22575386179940892
2016-02-01	0.76988564821445232	0.25258197231998936	0.31325592773212596	0.20730042490733844	0.442433412160964	0.7056088028082124	0.12904949201991058	0.24873712183764872	0.097938867161268288	0.4117050633286276
2016-03-01	0.56729946473538296	-0.32001810599058172	-0.080643853343248304	-0.34427559458893316	0.67012660812628024	0.65487426779595512	0.00010883172040267296	0.078521142581072064	0.11940607857613202	0.54374276623033912
2016-04-01	0.5799615310804024	-0.021238358308545648	-0.0555613004618892	0.77563683378569856	0.5666794739821284	0.62039635277293152	0.030603287670529728	0.0038359857825420048	0.26406362158746412	0.55687924732459536
2016-05-01	0.58578813723104016	0.42195056318726056	-0.14577189320313174	0.35868543588482	0.44493950990855248	0.59534716927026056	0.0707112643591154	0.01600011250366486	0.15975298338803768	0.5125106253273892
2016-06-01	0.74877990982531568	0.059041178378807936	0.4514606682909136	-0.32418765559941336	0.52387363058214176	0.53246400712653296	-0.08123047970409208	0.046934697561615752	-0.054111136631139528	0.48183324561224696
2016-07-01	0.2677373752578328	-0.77427466110209936	-0.15646304862488402	-0.70206984537857928	0.4956604286778484	0.3749251241411188	-0.27564588718119932	-0.1332110899332268	-0.039181586582277416	0.46847233813385832
2016-08-01	0.22179994278803996	-0.06222102517728048	-0.3884516332171564	1.2001268475247942	0.27093537674872664	0.28222468081217088	-0.22268724265141292	-0.3497621101411864	0.27281226645414012	0.51809351781680792
2016-09-01	0.22958990360891964	0.059235799519193376	-0.75375339276818944	-0.0090863319112867008	0.73959409468692496	0.30666908875455636	-0.1311356046148398	-0.451295181914244	0.28725279660132736	0.70355049012967
2016-10-01	0.56187050281793416	-0.2912055704924492	0.0035331698820931652	0.061651573682867224	1.037738812106369	0.44014002155901144	-0.049305814097454336	-0.3250766471803506	0.33683695905315248	0.85053881947293792
2016-11-01	0.5208853124567772	0.25090788836690048	-0.33132018382142764	0.86385524283802688	0.8163669360355352	0.59743996767063576	0.16485869200880224	-0.16083105872140286	0.45792258049086984	0.82079767480436
2016-12-01	0.7370713867649048	0.2442648545502828	-0.055634448763875592	0.051500376129823336	0.8033241540151032	0.81510189679345184	0.41151472041699376	0.18032684774314644	0.41168210222544824	0.66326621771511648
2017-01-01	1.17444612643837	0.87539723828382736	0.87933852092217344	0.848954733697772	0.29051801788988528	1.053104123417624	0.67686827419828224	0.66679321139381968	0.36522062791501336	0.42245287102756344
2017-02-01	1.1688471400944966	0.7916388405718648	0.87447780653264448	-0.21906445291201	0.19829186978880476	1.1933944520047692	0.77987549055711856	1.031002874904117	0.12546153512206628	0.28292399386404364
2017-03-01	1.4123336568366484	0.91639177024680448	1.7965987068355944	0.32790044721808032	0.2443070204846946	1.2392626900372516	0.73802147078349904	1.217935990475893	-0.016937692808133568	0.2973110922092218
2017-04-01	1.0054261891587688	0.33231340677349476	0.71880077132532064	-0.87961941371202416	0.51455239822862976	1.169451333087163	0.58055466618216664	1.0160476419395304	-0.11584556056440284	0.43361354797252392
2017-05-01	1.1572140843745038	0.49421789533130968	0.90699985840740432	0.67595930798576832	0.60925048663318672	1.135773843525993	0.51509382752116928	0.79245562948511344	0.11970756719065572	0.60682667133884864
2017-06-01	1.0561402663029998	0.6635733612814856	0.196330696410329	0.26061718556892312	0.67430013041677584	1.1260185397968378	0.50101644615988376	0.61703088268851672	0.216917472646818	0.81288462274920096
2017-07-01	1.2432207420425648	0.30566386612782216	0.9441732255279584	-0.077973345285563056	1.159979048426022	1.1494139811913042	0.47682408126782664	0.67418856004790536	0.25923167878897252	1.0501453779389238
2017-08-01	1.0771629226120074	0.49445354202219696	0.70085547188179568	0.6277143114539904	1.256957740425897	1.1453104535071612	0.54357520713611688	0.72764363378325808	0.37379742152411288	1.1783824203109354
2017-09-01	1.1173590210712602	0.74403362148123072	0.64624185027829792	0.38368078699497376	1.1767106709916796	1.1468650033934392	0.63116808291586904	0.8110957415946056	0.35055691268469736	1.1672029037552516
2017-10-01	1.1957296845891534	0.69560868254490264	1.0741498954874142	0.2301499218499238	1.0937642869233	1.1190871466040148	0.62037930264427808	0.9314563592805168	0.23336925403306148	1.0647893022768508
2017-11-01	1.0669821969400052	0.5013045611702972	0.98181472935611488	0.06787651243489784	0.84779835670609456	0.99748041657058624	0.50485099892390016	0.9307830713232528	0.099217421641817408	0.92883185711713952
2017-12-01	0.74987204557676432	0.26289583540804644	0.84890985670866368	-0.12179980668305232	0.8226307194670888	0.7941908847099904	0.35345468425791644	0.79382699841197248	0.021865059400439672	0.84599579416397392
2018-01-01	0.56765542525376944	0.26954072557548912	0.53442249615312144	0.22817089852582744	0.79982474857845136	0.59086640280848376	0.23151543339590516	0.5563709192686976	0.04373490199148324	0.82191283889416576
2018-02-01	0.38619135217026792	0.19358863646497404	0.30034190264457772	-0.050268154101464664	0.839684957043032	0.42483598351909728	0.11379947223757476	0.30928047091214104	0.063584818014011088	0.83884964208764096
2018-03-01	0.32347504146924248	-0.19696323488356608	0.015576125236930762	-0.069550018998424056	0.92214739626071136	0.3102176619401472	0.013098318862217776	0.12147286724543976	0.16460867260143038	0.85698476420861168
2018-04-01	0.22471069164383868	0.16094979302915668	0.084301904021183312	0.82359466655842976	0.75380239960883184	0.22248484182112064	0.021992655576525972	0.052926753904167576	0.31614735877167264	0.83733208067668112
2018-05-01	0.15505197631589218	0.034094875402510364	-0.036237777360594528	0.015602486314241452	0.84298362417087808	0.15036830644060014	0.023001610941407244	0.0577240345153892	0.25338307794281488	0.80606809896355216
2018-06-01	0.080457531542298784	-0.15208428498477968	0.26471507797899328	-0.022206797905859896	0.85516330619517008	0.08482468889988648	0.0376014509704002	0.12132176282318518	0.21894533931969148	0.70583964547307824
2018-07-01	0.0040673718553815992	0.24775981803061776	-0.00054069914294052616	0.72933474134260064	0.43805512151348616	0.021494292175572328	0.09836170613814656	0.13521518069565228	0.21768306047856324	0.51620907181643928
2018-08-01	0.02061936489006684	0.27032525587513452	0.2034922597892452	-0.070983462229778152	0.25643001750032272	-0.048349738113337328	0.048166170964108128	0.13429284515669546	0.01329302177013985	0.3660623903269072
2018-09-01	-0.16172603214021724	-0.4682712553848832	0.2003698561093586	-0.72805174452661904	0.43200058086176776	-0.1508611766680282	-0.12070324813978202	0.01768743339162698	-0.11887631559083152	0.30613166303480092
2018-10-01	-0.279955700887577	-0.055302296209764072	-0.2659165062262634	0.65942195018052496	0.0933837989467212	-0.24322469518628188	-0.19380555985056444	-0.2462689627816912	0.012247025610478318	0.27751657914385508
2018-11-01	-0.3476565827415502	-0.16924514473614894	-0.7739160421366064	-0.22487456755979964	0.42728055425733992	-0.29348982083806896	-0.30426778009038096	-0.50656182882766552	-0.011440406346888982	0.347185745684771
2018-12-01	-0.17518634454642698	-0.58828733929051648	-0.35541193950209928	-0.11433720124263386	0.46602355438665856	-0.30643708649465536	-0.44671366114057304	-0.63182419365527464	0.03913286138615492	0.39797498949111664
2019-01-01	-0.42322787678047792	-0.54471723305472496	-0.920124583182048	0.25486800103804948	0.3690766959065608	-0.34101378693078804	-0.48074431992825008	-0.7580432994824384	0.17960414044578768	0.39281494596902872
2019-02-01	-0.33419991974236148	-0.3700972802850728	-0.77334833113314144	0.42793974404884112	0.30485238672206312	-0.324916474972986	-0.40753455153046512	-0.74479413437390144	0.27214067983939816	0.36268481542018592
2019-03-01	-0.30888423354862244	-0.32182704972642784	-0.61090341804148648	0.10335218683723988	0.40177128651982176	-0.26805579329745792	-0.29223206415074644	-0.6137329700940176	0.25417358916663692	0.31482554808379904
2019-04-01	-0.15148365468909262	-0.16297849865427954	-0.44614351957897272	0.29831296012101432	0.22051514641878336	-0.18962582934978844	-0.16254729474722974	-0.41507027516638104	0.2189330422365978	0.19864566550095612
2019-05-01	-0.12726207435469428	0.049166441777551056	-0.2040600081184822	0.25168920311012388	0.076895539885688752	-0.14964911082672656	-0.075785665853732624	-0.19618696606205528	0.10882781052897764	0.05049942764876772
2019-06-01	-0.1077376840860749	-0.11589334158902458	0.058420406604768952	-0.21960101914611532	-0.19570539033057284	-0.17000599076432554	-0.0896838039111224	-0.035537203664695044	-0.054353416592110304	-0.071389424577828096
2019-07-01	-0.20850704559913372	-0.035924931437191068	0.15296986193436202	-0.073042849786522272	-0.070316793950259888	-0.2501897857266064	-0.1370262277289826	-0.019448190914382376	-0.10596055718140642	-0.082401038046972256
2019-08-01	-0.4064273251536576	-0.42264998103804576	-0.3368879488995868	-0.3995750812985788	0.030543971866145476	-0.32742550559933964	-0.17680699379479908	-0.14028952048173518	-0.0465911318476562	-0.02223152537955046
2019-09-01	-0.3074104279274938	-0.051322756785432352	-0.18027884344268516	0.6156186194943176	0.048501613194937136	-0.29725542014082316	-0.066918862304266104	-0.218012732188627	0.15607504619527906	0.081507244900263888
2019-10-01	-0.32228923834609428	0.063433328005086592	-0.3595829262205348	0.030713235161205936	0.15527564045169834	-0.13422361866367294	0.0889024193036752	-0.26916779427478304	0.18137421428261544	0.25397890151399332
2019-11-01	-0.13594975563733976	-0.14093676875441208	0.040105811732684224	-0.082796059443469648	0.55186068845075432	0.17697080173282458	0.20251720910891756	-0.27257078623398668	0.16818618304860764	0.48734144147783368
2019-12-01	-0.18475508556480484	0.056684512128331696	-0.22911339806653668	0.362383975498646	0.64666209774817344	0.46356312426696144	0.160316773892765	-0.29745291950577308	0.1047297840061009	0.67504960074568584
2020-01-01	-0.16678151037578546	-0.062429137872133752	-0.26900922113795588	0.018897926643055808	0.89641021062067952	0.2398680747868654	-0.49476159742680792	-0.10036880756300664	-0.2717583938241368	0.77507736224437136
2020-02-01	-0.15166273914770718	-0.10195751953397094	-0.10265158672249638	0.010131383591376114	0.62507830905741624	-1.6281178306911022	-2.32341287769626	0.63046645756068464	-0.96638756992879232	0.71701120590319992
2020-03-01	-2.9484188979066328	-3.4046526139247996	0.46567389495259248	-2.6453487732222736	0.39708366119991664	-6.6810476613132304	-5.453999580207376	2.0381973702567232	-1.6936106433273602	0.55177046002778976
2020-04-01	-14.106442549404688	-13.163200994177072	5.8768376703869152	-5.0711404659807592	0.83205643784520288	-14.983119394682416	-7.7934288600896528	3.5328503806333508	-1.191361559519166	0.23834155607797548
2020-05-01	-26.252575674505056	-9.9828604157146096	5.4309674497996904	4.686236545068628	-0.42982692599532248	-22.865902244994952	-5.199260906190012	2.951928463494678	0.85068760610154992	-0.41897587331428096
2020-06-01	-30.775286344231888	5.0870700349305328	-1.0255303405069168	2.9240199524744848	-1.5768696646509434	-25.784288581169424	1.1011719585572112	0.47692188339838056	0.8630858716789536	-1.0221673137497902
2020-07-01	-22.549027412628856	9.6493395093705616	-3.2095663733607932	-2.3030616271917808	-1.1075603415934108	-22.579844201634512	5.0969379016930744	-1.231640108792852	-0.88806880567571072	-1.1840693035104044
2020-08-01	-14.297350668610582	4.898037098598952	-1.3726223171091738	-4.3123645774141256	-1.0745792619792524	-17.085132667881372	4.76300316713196	-1.0156804861216268	-2.0757443880556684	-1.0722207317791294
2020-09-01	-11.07567252239048	0.1302494105099106	1.1092212891459658	-0.96187311587345408	-0.92936945480691472	-13.101900752395512	2.6267356064657408	0.3049515138015062	-1.7879016590702146	-0.77765152582197888
2020-10-01	-11.572214568073032	0.53113784165795376	1.8475799477976472	-0.5747907499598204	-0.18352154758353256	-11.644113228391658	1.350537002753282	1.5534648223784506	-1.3491215916871032	-0.39375014310508864
2020-11-01	-12.109410844105926	1.6850107574270632	2.6035669320845508	-1.2599565080759624	0.072120712251392048	-11.699506639079506	1.1003229430976196	2.35733814635557	-1.2579566156773254	-0.16562297007953164
2020-12-01	-11.574000196348174	2.3659706413250712	2.2941918501901812	-0.89012941831923104	-0.24858194404692924	-12.183918867350114	1.2226098535064608	2.6381653178984252	-1.238628319084593	-0.12814779767482398
2021-01-01	-11.852029969640106	1.0681158448902346	2.3880502826507664	-2.6388804343200332	-0.16672499347585212	-12.423092001120978	1.6486019743169568	2.563768954901558	-1.017358182351254	-0.078458734489558384
2021-02-01	-12.540224046329094	0.23172076615934652	3.0135949966578484	-0.46691809247521368	0.16221227193800792	-11.132849457307652	3.4528643336848696	1.9579982075512652	0.028131214845703956	0.06587596450556724
2021-03-01	-10.471895117152946	5.5237483562154016	1.5935849889008504	2.6869445843135452	0.23972479761201316	-6.45795262134482	7.12947583033924	0.46898355378305232	0.89859504086051456	0.29902178535356124
2021-04-01	1.0219722500569354	15.619196911421012	-3.1131117266548228	3.4083275649863384	0.2993674434540442	2.0494625323113868	9.9513717954835904	-1.1995477393609902	0.099739156726493984	0.71148052152987248
2021-05-01	14.0811687088507	12.053353292535026	-3.3064412406077536	-6.137185971253332	1.3140852054125704	10.82331753339671	7.5857600861975984	-1.219266969720974	-2.0743810330700104	1.3344569787684024
2021-06-01	19.976414417333272	-2.2848865035216052	1.7105434873144232	-3.7503730652635056	2.387092184410168	15.270043629392446	1.3676736754983712	0.32459057756915628	-2.0211217157828072	1.7870428847272246
2021-07-01	14.083421793323448	-7.333625506945096	2.699642120445792	0.94400908714489712	1.6342619078203046	14.05392324323388	-2.9002612572595604	1.2596153464886754	-0.20064401684902604	1.6679581937085802
2021-08-01	8.0462960342671696	-3.351745582895404	1.1436066251905326	3.3622665749881448	1.2203106988401418	10.545609585797144	-3.0679787117416376	0.79935069076212544	1.1976395888135034	1.1759721596976544
2021-09-01	6.2637122888264016	1.00642089725614	-1.1601466799817186	0.79959898028158176	0.46248169694651928	8.1452544180479232	-1.4187769372988426	-0.40263326192883488	1.1289697302808748	0.47615775079135832
2021-10-01	7.759769481093896	0.25435287914900844	-1.6362504602222646	-0.48086851570629832	-0.37456632082880304	7.7536959494219456	-0.51972105443592072	-1.3485104494741392	0.71321402280382272	-0.22207352577090984
2021-11-01	9.2282234119378416	-0.64619332246575568	-2.1103844048985852	1.0522066175474454	-1.0214361634402098	8.3902302601334128	-0.51267834910263656	-1.7979682278166048	0.74086933163378896	-0.72298621659459072
2021-12-01	9.2630893354845984	-1.4867110128683914	-1.8007951379172218	0.57622967545945448	-0.85937663708711328	9.0802269620684832	-0.76544217366382528	-1.7984339636471754	0.80834998351209456	-0.98333766334301824
2022-01-01	9.5438525359016656	-1.0952886526361856	-1.0543426045636162	1.6166555451292548	-1.037888750878556	9.6870488189177472	-0.77932085384744192	-1.7097512007387756	0.82340759109371792	-1.2583351545251452
2022-02-01	10.097922581692274	0.26959734447622828	-1.9928934294288108	0.4929701700999892	-1.6974595932380908	10.256920967787902	-0.77689155458600752	-1.8941246571343772	0.4616734589809964	-1.6792249523940194
2022-03-01	10.685437400766246	-1.4908485861153808	-1.9179931317234608	-0.95575998945949776	-2.0085999767420292	10.692872262769574	-1.2966992396007864	-2.0583504547017924	0.1920268458118058	-2.1568069155561016
2022-04-01	10.971069410361544	-2.2637348065543484	-2.3517217798631952	0.96105611036019584	-2.85428194535764	10.738933171857762	-1.8307999735508068	-2.0079934876032684	0.51464372134301448	-2.6201155434619228
2022-05-01	10.347557709549792	-1.6857114624804316	-2.0998690076047192	1.0920631352295072	-2.9611170551787972	10.13169930104414	-2.065399167609692	-1.408261327022722	0.78191322006018752	-2.8499783967479412
2022-06-01	9.1597730249327392	-2.5044173627455696	0.074149522271104832	0.69730632623715624	-2.8383892505346628	8.8399024948241664	-2.1196370659546076	-0.26808983640399632	0.79263686546607152	-2.8613894379463348
2022-07-01	6.9008896039881736	-2.166357814594618	1.201110493430988	0.58321108268341096	-2.6713452971962148	7.0481330061989488	-1.732966207633458	0.71197744022706768	0.6557660962327324	-2.7804812880201372
2022-08-01	4.9028501433158992	-0.54185494936142352	1.218314025378463	0.85759392282884816	-2.729865805564052	5.2608516182781768	-1.029619428485113	1.1736363175197304	0.38492181180332072	-2.7103863805207096
2022-09-01	3.802178325194336	-0.1697840455794919	1.0992865801263592	-0.4126383117628872	-2.6633903051326108	3.8352757119607616	-0.56722117130960096	1.2477156633271734	-0.078830101928334528	-2.645101158175496
2022-10-01	2.8703611162925912	-0.70175418035947992	1.2760939315723088	-0.76755543817787936	-2.4024786675101472	2.7706211931833372	-0.41563139978326104	1.1097220533613108	-0.3217516480428766	-2.5981014887552808
2022-11-01	1.8880214053654728	-0.49725623259309088	0.70713822059937744	0.15172428657808596	-2.6881186340155412	2.0330065811161124	-0.24727295185232356	0.786732980133244	-0.26391303945550148	-2.601152386987962
2022-12-01	1.4777369527751972	0.091973269425315584	0.33315362212863488	-0.22418747644017324	-2.5595438442159132	1.688290318038552	-0.020691446039237824	0.4721978143650716	-0.2711882792164082	-2.490396046356306
2023-01-01	1.7607536833748964	0.3419135979717028	0.2335127029355256	-0.39451879828387424	-2.323463569046206	1.6573456704794816	0.055584218392779792	0.27997116724502652	-0.29381404434220816	-2.18894090737066
2023-02-01	1.7177908433785682	-0.40560275844788248	0.012482063648296294	-0.62692765065603976	-1.6052053152056054	1.650492539704371	-0.11431014235493376	0.18486345772490448	-0.23502620907327788	-1.6890432084009796
2023-03-01	1.7952710544311152	-0.029399380289186448	0.36309272905120736	0.94970980823053616	-1.2761878384645944	1.4814588398741066	-0.3399093325021184	0.11522664044700034	-0.098765401591660432	-1.1174818494927674
2023-04-01	1.0078716868158648	-0.74948993929280432	-0.15530740329730758	-1.1724144128577376	-0.29200601000044936	1.0312707888237722	-0.72204077236146288	-0.172968724022999	-0.28087369166216068	-0.51719783749615192
2023-05-01	0.41021612034899616	-1.5257129155475544	-0.18106185892410292	-0.17981665982846252	0.032239505616255048	0.49476681894546056	-1.0510219300327238	-0.6758859865151996	-0.12871793922738706	-0.089838168233088752
2023-06-01	-0.1495486276065065	-0.82211790621716896	-2.0604901618231584	0.63921467110557536	0.049623525335275944	0.043386260623356888	-1.1446194405469996	-1.3720271771340164	0.11879427457447508	0.18814198997016876
2023-07-01	-0.14521315575483056	-1.0863382893297584	-1.750923953236218	-0.003897673571200008	0.4049483128052204	-0.23598225435481764	-1.2952909244502196	-1.7450701983927678	0.17165664800416496	0.46236514263671104
2023-08-01	-0.32216151644759972	-1.8112087525202812	-1.6607907449128864	0.06402552587178188	0.7379666486618992	-0.44938498243120528	-1.4729924679584814	-1.967155937493914	0.26028327585352212	0.739935330654736
2023-09-01	-0.75408392494340192	-1.5099636234268332	-2.2754544465979036	0.45429634884120992	1.1212227967926664	-0.61209908144796096	-1.438727522167422	-2.2162790364833656	0.4395339313390212	0.97053976508095072
2023-10-01	-0.69394466503738872	-1.1379635002639272	-2.5516575322658972	0.89222181192439456	1.0166899660042812	-0.61217824326363424	-1.2917158227344784	-2.3640689448260092	0.56801063769539648	1.101896974979226
2023-11-01	-0.41339086781820992	-1.072117702854487	-2.2592937812288228	0.42466562209249544	1.1738738642935784	-0.47966100323221608	-1.202413206576499	-2.3413305221012676	0.51907783565957112	1.2324085211251474
2023-12-01	-0.29938724743525528	-1.357590178227832	-2.2159974840743776	0.12682404862788426	1.372362446470384	-0.32635231848145184	-1.187523188139782	-2.2664572153284528	0.49031114019746656	1.3752689553193574
2024-01-01	-0.1789678222855744	-1.0740105910492478	-2.1578889692109772	0.9927127891058432	1.5026091525966228	-0.1977870107250806	-1.1334537781486132	-2.1758057306544324	0.58487395270792888	1.4851381725309294
2024-02-01	-0.012877152112256512	-0.76601023252362048	-2.0448119289078152	0.7360774158904544	1.5651608425174424	-0.11253483063064518	-1.0966799774153286	-2.0552730429720004	0.542442583020222	1.5137695588799646
2024-03-01	-0.1409393654246403	-1.7114538544994024	-1.9474596565372744	-0.65852671502357384	1.706465777372106	-0.070346340426182136	-1.0742335996529	-1.8728393657304932	0.51053217736152456	1.4303874805522572
2024-04-01	-0.046550085094542456	-0.6544397626046644	-1.4810156541388268	2.097051118393734	0.87437975397579632	0.028685576178660596	-0.73247671368259088	-1.5860237983150652	0.8302927148292472	1.2556075873710796
2024-05-01	0.11089587129620924	0.046632315878111992	-1.6867832764819454	0.52580010174672744	1.1583115727774806	0.21387501047577692	-0.37499164317216752	-1.226965730917652	0.6738152821357016	1.2861238259795538
2024-06-01	0.63268271341096712	-0.45758209527175504	-0.18327481456115484	-0.2190885556038412	1.6419091543967478	0.43930039248385768	-0.22732376071147008	-0.72279640955395264	0.47994936955768696	1.437402309625518
2024-07-01	0.54163546894266456	-0.070829130203258272	-0.53573453234026744	1.1121985142744716	1.5295200631371668	0.55606101304202624	-0.093394479840059312	-0.46046462580395952	0.53952928698302824	1.497096898354737
2024-08-01	0.5664287020282436	0.043137332164995952	-0.50433154015034632	0.32235741033499656	1.5297230296771884	0.60863848391651552	-0.0073835486577809712	-0.28739757625486696	0.44435141913802272	1.4573682969842062
2024-09-01	0.63308080143452504	-0.13868892827867702	0.07617828344954544	0.1700238159017358	1.2796747250534462	0.6270888727741968	0.019094634372320256	-0.12629236403017722	0.35888137804041092	1.342800375113351
2024-10-01	0.64421112010723888	0.29709421312842672	-0.10046051619232734	0.77838962000135728	1.099863081505927	0.59925846539366976	0.024946551609976604	-0.1167800561488724	0.32559076690490764	1.2503317350345798
2024-11-01	0.50273868789358624	-0.24800137829807728	-0.2809717443625472	-0.42190970662643888	1.340011631931541	0.5189854762138628	-0.10870487723607696	-0.1960210721502118	0.19809362680755264	1.2137753289803954
2024-12-01	0.4306397410984292	-0.27015182444442608	-0.12896405750398466	0.6955333068450844	1.1540103544617918	0.42506077438727312	-0.2285890709386554	-0.28485629161690972	0.28280285192083572	1.1164754556546492
2025-01-01	0.321392299743238	-0.36585295563651928	-0.66869299554888048	0.15849954669040178	0.96536422476105808	0.34002844074612144	-0.320731949332574	-0.38907726634401576	0.26612800298325512	0.96801271671233776
2025-02-01	0.22996307298645496	-0.41050375355709064	-0.31439327505797144	0.18566541250475704	0.74733364554080832	0.29201152283378472	-0.41272218575841872	-0.35858331401365444	0.24720909565755756	0.81550261261560032
2025-03-01	0.3097829510909384	-0.046157160037003544	-0.42432898835326952	0.6480690769185092	0.55627714681209536	0.29049692719075652	-0.5772694598607212	-0.32288948151281516	0.21755768931363664	0.70341215187529656
2025-04-01	0.32671571952401208	-1.2855846013599388	-0.27236164872308572	-0.6075009570376008	0.893334653560708	0.28292311051020092	-0.88486501908268512	-0.36732077677280416	0.10714166016858548	0.60803937592749536
2025-05-01	0.296184693090226	-1.4266465013422344	0.0084135321054358832	0.49335040053660792	0.396199716673538	0.23601455338546384	-0.87488781104379648	-0.67864171456538216	0.27644027204437	0.35854732114506348
2025-06-01	0.081551755708669424	-0.17677965935779372	-1.8620673501187676	0.77257918150963424	-0.066927174781015952	0.16028834542370244	-0.48743636564079544	-1.3486576816125914	0.37129017155676976	0.0693943015340812
2025-07-01	0.12479568771787748	0.094433856678992064	-1.9749662744343012	0.08725376220267888	-0.1501556272463458	0.12643171593683602	-0.21436790306885988	-1.7821188179656568	0.25443813381380232	-0.10730897337089684
2025-08-01	0.13356513198516224	-0.13990941455490444	-1.8970157765664636	-0.08088556723885456	-0.20094354549618064	0.12639530452175098	-0.23688293724016652	-1.8971849321819788	0.1899199438763496	-0.15577327035041306
2025-09-01	0.14111835180477116	-0.54302574864708512	-1.7580566861742888	0.47246956632923984	-0.10403257698766974	0.15049372255637514	-0.42738022231903984	-1.8048632892876036	0.27458701519417056	-0.10305601006045884
2025-10-01	0.19132078342356308	-0.79002518272884976	-1.6208659299140458	0.2182273216321502	0.07324930163919608	0.19621140888204756	-0.56128498978454248	-1.6159919986930618	0.33448525010181956	-0.021384888302793208
2025-11-01	0.2754922099452184	-0.455567855747214	-1.2893098330621192	0.57904243500955888	0.01742637902883367	0.25165743158850344	-0.52966799744378232	-1.394602566695569	0.39354310206892088	0.016035832193613944
2025-12-01	0.29299701231902804	-0.40662938699332792	-1.245987726928576	0.26626123815483648	0.0078156045935429152	0.30005023330699372	-0.45234019604817512	-1.2096004308133262	0.35943109609542932	0.030636078641782004
2026-01-01	NA	NA	NA	NA	NA	NA	NA	NA	NA	NA
2026-02-01	NA	NA	NA	NA	NA	NA	NA	NA	NA	NA
2026-03-01	NA	NA	NA	NA	NA	NA	NA	NA	NA	NA
2026-04-01	NA	NA	NA	NA	NA	NA	NA	NA	NA	NA
2026-05-01	NA	NA	NA	NA	NA	NA	NA	NA	NA	NA
2026-06-01	NA	NA	NA	NA	NA	NA	NA	NA	NA	NA
2026-07-01	NA	NA	NA	NA	NA	NA	NA	NA	NA	NA
2026-08-01	NA	NA	NA	NA	NA	NA	NA	NA	NA	NA
2026-09-01	NA	NA	NA	NA	NA	NA	NA	NA	NA	NA
2026-10-01	NA	NA	NA	NA	NA	NA	NA	NA	NA	NA
2026-11-01	NA	NA	NA	NA	NA	NA	NA	NA	NA	NA
2026-12-01	NA	NA	NA	NA	NA	NA	NA	NA	NA	NA
